0.093552291393
0.098500296474
0.106634303927
0.105486921966
0.122380793095
0.105421759188
0.100487314165
0.104778163135
0.099245421588
0.092115759850
0.094592012465
0.109922476113
0.126429334283
0.096576921642
0.102190554142
0.098971404135
0.099630661309
0.097943402827
0.099936604500
0.104242302477
0.100977674127
0.108174145222
0.109326049685
0.114098452032
0.102006882429
0.121667757630
0.101062119007
0.112786725163
0.086349390447
0.111994713545
0.104915007949
0.114183418453
0.101689875126
0.096990823746
0.095405966043
0.107669018209
0.111991107464
0.102875605226
0.103127844632
0.091424703598
0.105827175081
0.100610747933
0.104462519288
0.099795170128
0.106853038073
0.102498494089
0.099233821034
0.107588335872
