-0.039373107255
-0.070434227586
-0.045831765980
-0.034325830638
-0.020306710154
-0.017512023449
0.006087949499
0.000684281520
-0.004059054889
-0.084431059659
-0.004001661204
-0.061748683453
-0.037045698613
0.050987966359
-0.009892189875
0.001056455192
-0.083704397082
-0.178707972169
-0.085120819509
-0.071126908064
-0.010779042728
-0.099090792239
-0.047852899879
-0.041859712452
-0.071170523763
-0.091961368918
-0.107315018773
-0.056146088988
0.040954958647
0.020811071619
0.024949876592
-0.094881951809
-0.144137069583
-0.074947841465
-0.063714399934
0.038095645607
0.004171121866
-0.011491927318
-0.041102763265
-0.091940715909
-0.110372804105
-0.020388728008
0.162104964256
0.017178833485
0.056368891150
-0.045657914132
-0.096931919456
-0.046710059047
-0.036803077906
-0.024087943137
-0.050520148128
0.021089727059
0.053889550269
0.110388308764
0.096268489957
0.134050726891
0.035754542798
0.013476736844
-0.011492608115
0.050041541457
0.043925724924
0.079122073948
0.112158372998
0.003451497294
0.012325415388
-0.013978878036
-0.102020062506
0.012839323841
0.049631126225
0.093149401248
-0.094460584223
0.005971264094
-0.006388210692
0.016605038196
0.037188608199
0.041587270796
0.048379044980
0.064856469631
0.002049941802
0.071272268891
-0.039051301777
-0.052174326032
0.085016146302
0.089266970754
0.048474170268
-0.020333051682
0.052881650627
0.004339457955
0.042887888849
0.033984083682
0.104792043567
0.158086791635
0.044023934752
0.105528920889
0.031929664314
0.003928162158
0.070749185979
0.090128459036
-0.112228386104
0.017253389582
0.163061693311
0.183805301785
0.272756367922
0.224689662457
0.159947156906
-0.217234745622
-0.126136422157
0.020684840158
0.161326453090
0.122619234025
0.135089978576
0.135304629803
-0.246073812246
-0.226784169674
-0.053224634379
0.064920835197
0.169831842184
0.149641737342
0.141231670976
-0.392468899488
-0.267022818327
-0.130746379495
0.064947225153
0.158481791615
0.173982411623
0.134304329753
-0.229944318533
-0.253178745508
-0.117251887918
-0.111876241863
-0.002391662216
0.189259782434
0.155551329255
-0.275037169456
-0.305780023336
-0.214222237468
-0.114869765937
-0.027187589556
0.049666713923
0.150974467397
-0.131221592426
-0.174894288182
-0.122392259538
-0.051713705063
0.031392741948
0.146401599050
0.215076535940
0.057254344225
0.068518437445
0.053990852088
0.018770543858
0.041938457638
0.014439739287
0.070673987269
0.055759888142
0.067217133939
0.026345323771
0.019169950858
0.018048321828
0.049594938755
0.058256685734
0.033743787557
0.065252266824
0.026833092794
0.023345738649
0.024372322485
0.023942697793
0.039472911507
0.027606759220
0.032718647271
0.039314869791
0.006789297797
0.026392044500
0.037064712495
0.025598092005
0.005272052251
0.034924603999
-0.008449971676
0.005228452384
0.017604511231
-0.008204276673
0.030667182058
-0.044347278774
0.045107919723
0.048691328615
0.010314823128
0.004933531396
0.014843119308
0.031167440116
-0.034076992422
0.021892568097
0.018608469516
0.008625557646
0.025796381757
0.014853632078
0.023884171620
-0.022924054414
0.008026220836
-0.032591115683
-0.025570848957
-0.017998356372
-0.020027503371
-0.000272468955
-0.032265260816
0.001709795673
-0.070888966322
-0.057882346213
-0.062638059258
-0.033567678183
-0.000241382077
-0.057766322047
-0.010317072272
-0.037313904613
-0.041311495006
-0.033207219094
-0.053808409721
-0.039731018245
-0.048241458833
-0.021554490551
-0.016123322770
-0.049502585083
-0.042124379426
-0.025991830975
-0.021532546729
-0.048071395606
-0.009479138069
-0.027580717579
-0.042750116438
-0.032853763551
-0.062327124178
-0.030792394653
-0.082731835544
-0.026862312108
-0.015847858042
-0.034688122571
-0.065590620041
-0.052012603730
-0.018709987402
-0.083575397730
-0.042846698314
-0.051981016994
-0.060613606125
-0.050909068435
-0.058182816952
-0.059007931501
-0.004250888713
0.007000050507
-0.038074355572
-0.033218428493
-0.014507242478
-0.051839180291
-0.015313336626
-0.013734431006
0.008658464067
-0.052080679685
-0.064660914242
-0.030896052718
-0.042715184391
-0.021247999743
-0.051546048373
-0.015055842698
-0.037356168032
-0.058776333928
-0.044834382832
-0.048091206700
-0.023896986619
-0.014934466220
0.006414635573
-0.005765275564
-0.051850236952
-0.040817588568
-0.042048927397
-0.035983312875
-0.041973434389
-0.030371950939
-0.050902076066
-0.038918413222
-0.038796454668
-0.046135161072
-0.040888641030
-0.064054146409
0.012237716466
-0.019046271220
-0.046576518565
-0.042860880494
-0.057944606990
-0.056136317551
-0.062504373491
-0.018222853541
-0.057875208557
-0.035083141178
-0.045745827258
-0.067624159157
-0.032949797809
0.070459395647
-0.008425064385
-0.089772231877
-0.050599593669
-0.054071839899
0.016756393015
-0.027547147125
0.116599604487
0.014391504228
-0.117370575666
-0.066468954086
-0.029568852857
0.062820717692
0.017081145197
0.089660488069
0.050817091018
-0.049587909132
-0.150320857763
-0.162455737591
0.020860875025
0.051235821098
0.023114761338
0.043341364712
-0.058775804937
-0.154608517885
-0.147732988000
-0.025768620893
0.021440183744
-0.007025317755
0.033898353577
0.059400819242
-0.035050097853
-0.095214478672
-0.127429932356
-0.031089549884
-0.061773594469
0.015956886113
-0.005503501743
0.076661363244
-0.032630551606
-0.025428866968
0.000042774056
-0.051676984876
-0.069063842297
-0.079507328570
-0.051052026451
0.053414300084
-0.036728344858
-0.025172818452
0.083828829229
0.003987217322
-0.097549609840
0.006860170979
-0.032857615501
0.024612763897
-0.028988445178
0.087035231292
0.049980647862
-0.076421491802
-0.021974373609
-0.065473049879
0.098344542086
0.020139258355
0.128649234772
0.066174380481
0.022620584816
-0.154740124941
-0.125754684210
0.011267622933
0.023604510352
0.107917971909
0.094817005098
-0.016963485628
-0.077680207789
-0.103521555662
-0.041122708470
-0.022008404136
0.060533400625
0.123587049544
0.149121358991
0.050703629851
-0.014251508750
-0.118030600250
-0.087480589747
-0.022507635877
0.069794185460
0.037010543048
0.100268177688
0.060707405210
0.014665438794
-0.057045347989
0.026774179190
0.000444381410
-0.000539911853
-0.015253517777
0.113615259528
0.022667659447
-0.022995073348
0.092191934586
0.047868188471
0.004538287874
0.084098570049
-0.017238825560
0.045453261584
-0.004844412208
0.079805344343
0.044700935483
-0.021726001054
-0.035812601447
-0.055494468659
0.020553959534
-0.067933030427
0.108075618744
0.048805046827
0.111490458250
-0.027005745098
-0.114561907947
-0.102910794318
-0.185502320528
0.106509074569
0.132306531072
0.050467189401
0.041905686259
-0.070253789425
-0.249974817038
-0.255064874887
0.044158115983
0.159809887409
0.233394026756
0.152421012521
-0.000079658465
-0.261419445276
-0.377985119820
-0.079372771084
0.043920330703
0.059980269521
0.136749342084
0.142046853900
-0.037650622427
-0.247160136700
0.065227188170
0.021265566349
0.041404865682
0.051472745836
0.164010286331
0.051846306771
-0.089998126030
0.041339825839
-0.018878005445
-0.066646181047
-0.058195203543
-0.046576526016
-0.051660932600
-0.043114438653
-0.014373484999
-0.095253519714
-0.100672334433
-0.102435104549
-0.083808265626
-0.115580782294
-0.053524352610
-0.055464755744
-0.133721709251
-0.082121029496
-0.148004218936
-0.172467768192
-0.106243282557
-0.048157218844
-0.078044682741
-0.112795330584
-0.099151372910
-0.149025931954
-0.162713900208
-0.159855425358
-0.065022930503
-0.051409430802
-0.128242045641
-0.160074025393
-0.216320514679
-0.122383467853
-0.103621132672
-0.070434570312
-0.119335792959
-0.173520833254
-0.023855956271
-0.131547048688
-0.112173579633
-0.083501137793
-0.031150585040
-0.032966285944
-0.010830125771
0.020570645109
-0.040970843285
-0.059878338128
0.011791124009
0.051370013505
0.144631519914
0.124667540193
0.126727893949
0.082683674991
0.097126498818
0.113204218447
0.118020698428
0.110360540450
0.046796802431
0.058774933219
0.090307876468
0.063732855022
0.009509412572
0.088565289974
0.095680512488
0.047483760864
0.090781964362
0.047117944807
0.010370060802
0.078303299844
0.085974425077
0.066382169724
0.095067426562
0.062116894871
0.021572183818
0.042195308954
0.062007501721
0.120282284915
0.097048573196
0.040585540235
-0.003171150805
-0.047307793051
0.074058532715
0.088762864470
0.129090249538
0.043910346925
0.032382182777
0.171257048845
0.119607478380
0.117831170559
0.163058087230
0.202681094408
0.105465255678
0.148928761482
0.172874853015
0.146573618054
0.127426311374
0.155690863729
0.250878095627
-0.108346380293
-0.107123717666
-0.087083443999
-0.097949348390
-0.099288560450
-0.021392343566
-0.045745860785
-0.089266367257
-0.104052200913
-0.085869021714
-0.084906548262
-0.074356578290
-0.089184470475
-0.093716688454
-0.122079350054
-0.108410790563
-0.081931404769
-0.043635964394
-0.090264260769
-0.029888110235
-0.059954274446
-0.147789359093
-0.119611456990
-0.119412407279
-0.119388028979
-0.065057352185
-0.018818179145
0.031707055867
-0.049402043223
-0.090137861669
-0.065321944654
-0.066717669368
0.015353023075
0.095811367035
0.093891859055
-0.034671694040
-0.009030900896
0.168608292937
0.090639591217
0.146853581071
0.137811705470
0.146092712879
0.087782129645
0.117947973311
0.130918860435
0.173152893782
0.128304690123
0.193749427795
0.223879262805
0.007545834873
-0.116325996816
-0.093369796872
-0.093752034009
-0.055962137878
-0.058454908431
-0.065287224948
0.009280585684
-0.127078488469
-0.112606227398
-0.072507999837
-0.055927027017
-0.094040863216
-0.054306343198
0.003698271234
-0.114512883127
-0.100463427603
-0.072241030633
-0.067459374666
-0.048582296818
-0.013517237268
0.160365402699
0.031194603071
0.026088749990
0.027335610241
0.080663226545
0.134828120470
0.093318633735
0.120160043240
-0.000312038988
-0.062125328928
0.037434905767
0.082065798342
0.051759403199
0.039063557982
0.074010200799
-0.015364801511
0.022091750056
0.019161213189
0.081060655415
0.106788203120
0.031771097332
0.088321343064
-0.024831734598
0.019886774942
0.022628417239
0.099915415049
0.034052688628
0.004701377358
0.024451738223
-0.108193516731
-0.038864247501
-0.046267472208
-0.012772172689
-0.005021157674
-0.046097122133
0.040755018592
-0.089201971889
-0.070294059813
-0.042648985982
-0.028538325801
-0.050695572048
-0.042810086161
0.037919629365
-0.114051058888
-0.104717664421
-0.051609825343
-0.032509963959
-0.003283428028
0.014664757997
0.149211779237
0.031868971884
0.011263124645
0.063434295356
0.092918366194
0.093852743506
0.061089951545
0.054492034018
-0.044761437923
-0.099261865020
0.000953276991
0.020860617980
-0.002356729703
0.022974632680
0.027073174715
-0.063279390335
-0.012790316716
-0.016206130385
0.009199620225
0.061266183853
0.007242223248
0.003675172804
-0.084389790893
-0.017179984599
0.000001440361
0.059441763908
-0.021987373009
-0.045681625605
-0.033359304070
-0.165039837360
-0.088243573904
-0.051295503974
0.017770294100
0.019205886871
0.009637479670
0.012139845639
-0.111733861268
-0.075622200966
-0.008590922691
0.029577359557
-0.010666457005
-0.004864331800
0.012160861865
-0.049124993384
-0.028377545998
0.032964233309
0.067012727261
0.032782703638
0.071340650320
0.167316153646
0.054900608957
0.076679624617
0.119421847165
0.157141432166
0.155486389995
0.090492084622
0.044312596321
-0.020571080968
-0.026745881885
0.031917795539
0.036390401423
0.004953561351
-0.020325360820
0.004221756477
-0.041041716933
-0.033416513354
-0.008692628704
0.012275372632
0.054261930287
-0.027529526502
0.002037418075
-0.058669671416
-0.037011969835
0.006728815380
0.036327973008
-0.018180083483
-0.064505442977
-0.091977722943
-0.095812350512
-0.160474136472
-0.086290284991
-0.048160824925
-0.021984737366
0.011684702709
0.005389684346
-0.028477868065
-0.136556625366
0.044548854232
-0.061849452555
0.020763764158
0.049768697470
0.004913789220
-0.081492289901
-0.112134814262
-0.027990967035
-0.102922253311
-0.063195854425
0.016169851646
-0.049502231181
0.056912034750
-0.067173361778
-0.202931806445
-0.236464634538
-0.077859558165
-0.104216389358
-0.052025105804
-0.025972701609
-0.026811935008
-0.062491428107
-0.087697044015
-0.113235361874
-0.018441759050
0.008132470772
-0.018586436287
-0.012580530718
0.023149389774
-0.005894172937
-0.026305276901
-0.057162538171
-0.089825361967
-0.069665811956
0.144285380840
0.164029762149
0.146622732282
0.103235162795
0.003919105045
0.138453230262
0.181336954236
0.163455203176
0.220020681620
0.232537835836
0.237574562430
0.218924120069
0.248668789864
0.255670785904
0.163833111525
0.347800076008
0.248699143529
0.272514462471
0.260311067104
0.244415253401
0.169928640127
0.168341919780
0.305274963379
0.222967341542
0.204060539603
0.170730322599
0.151411414146
0.347906857729
0.237797155976
0.143397033215
0.083944179118
0.189901381731
0.070569001138
0.082974806428
0.190467640758
0.183552429080
0.204607442021
0.174569681287
0.067493624985
0.092791885138
0.163866907358
0.215042203665
0.203574165702
0.214345112443
0.184824347496
0.135969892144
0.125993743539
0.048413276672
0.088831819594
0.296644002199
0.347724765539
0.370782285929
0.272818684578
0.155288651586
-0.336012482643
-0.240957841277
-0.239506095648
-0.129703640938
-0.109929837286
-0.143801957369
-0.241789564490
-0.187199190259
-0.122158758342
-0.133650690317
0.027307661250
-0.079758495092
-0.114283792675
-0.213137224317
-0.169196054339
-0.207233443856
-0.152161538601
0.006027267780
-0.084947519004
-0.161919653416
-0.274757742882
-0.337658256292
-0.074201747775
-0.082813948393
-0.160037517548
-0.256202995777
-0.217126712203
-0.389033794403
-0.397471904755
-0.286949604750
-0.191033586860
-0.094718843699
-0.186519131064
-0.355767697096
-0.367937117815
-0.349523663521
-0.318003892899
-0.106112048030
0.014544464648
-0.075061321259
-0.118081390858
-0.226914688945
-0.348896324635
-0.312506705523
-0.064743690193
0.145884275436
0.107756637037
0.056319780648
-0.092295743525
-0.079682141542
-0.020632071421
-0.016158930957
0.067197091877
0.025820890442
-0.067888513207
-0.066714495420
0.003092346480
0.054672192782
0.064607456326
0.010564332828
-0.013251724653
0.011546989903
-0.035469103605
0.051150627434
0.043294362724
-0.001347428770
0.006678031292
-0.109695479274
-0.122722461820
-0.153802186251
0.002607420087
0.081002756953
-0.011262425222
-0.059684675187
-0.099451921880
-0.062942840159
-0.050720330328
-0.021520104259
0.023019092157
0.010765238665
-0.047403782606
-0.031357642263
-0.113342061639
-0.027679981664
0.031370226294
-0.009921537712
-0.024060159922
-0.034098982811
-0.061707790941
-0.089245274663
-0.137178897858
0.009173589759
-0.032228730619
-0.013907323591
-0.146585449576
-0.097879596055
-0.061599463224
-0.108384832740
-0.030863594264
0.021319042891
0.029459737241
0.146424680948
0.066001638770
-0.007505907677
-0.049017678946
0.058894596994
0.124082468450
0.142455756664
0.066310219467
0.074666470289
0.112540580332
0.032274596393
0.139224439859
0.118326574564
0.121193744242
0.069763019681
-0.017699005082
-0.025797160342
-0.082472048700
0.113853424788
0.168785050511
0.092388547957
0.006491536275
0.006755491719
0.014216654934
0.056970991194
0.094628416002
0.122260734439
0.135384485126
0.026758980006
0.039938956499
-0.031518034637
0.050205945969
0.095796145499
0.092712491751
0.064837537706
-0.016126845032
0.019475210458
-0.038762666285
-0.061639830470
0.045842595398
0.074179753661
0.063451267779
-0.061651226133
-0.056969340891
-0.001001697616
-0.035635653883
-0.163944780827
-0.110908165574
-0.104182429612
-0.006290995516
-0.037489265203
-0.051391851157
-0.037388999015
-0.041125576943
0.055900666863
0.004984229803
-0.016114804894
0.042871423066
0.111655481160
0.045317865908
0.064365550876
0.062975481153
0.054464958608
0.047519609332
0.051816839725
0.028972512111
-0.063735909760
0.024119215086
0.046704251319
0.033935092390
0.011480968446
0.043129820377
0.034119717777
0.049333937466
0.023203006014
0.032009214163
0.047642383724
-0.005571566522
0.066252954304
-0.014831479639
-0.036709498614
0.037433873862
0.021325206384
0.056615233421
0.007634457201
0.034032732248
-0.121998339891
-0.180922970176
0.010396987200
0.027343222871
0.085937879980
-0.046331528574
-0.144638687372
-0.144896626472
-0.142529174685
-0.072405219078
-0.032519128174
-0.041482426226
-0.047035757452
-0.045270599425
-0.070437766612
-0.042999841273
-0.090874761343
-0.062182433903
-0.100969932973
-0.056402172893
-0.093211062253
-0.082512818277
-0.050210718066
-0.088998980820
-0.086415342987
-0.083896823227
-0.049230951816
-0.072144575417
-0.100271388888
-0.066400952637
-0.073570117354
-0.069934204221
-0.058753535151
-0.070056796074
-0.089141964912
-0.090761102736
-0.052065912634
-0.027561426163
-0.052188977599
-0.044384215027
-0.080487154424
-0.103744879365
-0.088658735156
-0.075016260147
-0.017783166841
0.004838399123
-0.006077232771
-0.035282157362
-0.083593927324
-0.104760497808
-0.075558923185
0.008238721639
0.076055698097
0.044653095305
-0.002130052308
-0.037990812212
-0.057152755558
-0.084581866860
0.021434312686
0.082011938095
0.032313395292
0.030814208090
0.035265497863
0.017164872959
0.045828823000
-0.044921256602
0.004646325484
-0.028356041759
-0.000596137310
-0.012999776751
0.033207602799
0.057551149279
-0.029389180243
0.004250599071
-0.041363928467
0.024745540693
0.006975849159
0.002667860361
0.040250934660
-0.045772425830
-0.027723776177
-0.032939825207
-0.002484679455
0.004621186294
0.010441520251
0.028564626351
0.009066992439
-0.028712859377
-0.016468651593
-0.040786031634
-0.009767531417
0.020225789398
0.030299946666
0.054922528565
0.022652074695
0.043918795884
0.036113571376
0.000118308402
-0.023367727175
0.016755258664
0.035507313907
0.058700114489
0.069040440023
0.047527648509
0.006033211481
-0.004637089558
-0.003322100267
0.021125314757
0.115021996200
0.147063016891
0.114243261516
0.134783640504
0.100361317396
0.150269016623
-0.055370450020
0.043093610555
0.052814006805
0.075903065503
0.078257650137
0.094599395990
0.115383446217
-0.055436551571
-0.002873796737
-0.010218520649
0.089978240430
0.086791485548
0.052375651896
0.123738646507
-0.113752655685
-0.097188360989
-0.060602709651
-0.016097873449
0.028334876522
0.048649124801
0.027273148298
-0.097535513341
-0.125901073217
-0.087592095137
-0.099778950214
-0.070238061249
-0.020575884730
0.018844814971
-0.093261778355
-0.104280203581
-0.106460116804
-0.090241126716
-0.116021297872
-0.065739691257
-0.002991738031
-0.107444956899
-0.064960777760
-0.098480366170
-0.084359966218
-0.082043528557
-0.091527730227
-0.034011345357
0.002422313904
0.036007277668
0.010425627232
-0.014002633281
-0.052960362285
-0.081465281546
-0.122900798917
-0.002674183808
0.012736073695
0.055105097592
0.022707097232
-0.003260929137
-0.059418980032
-0.123424038291
0.077003359795
0.038277473301
0.038431290537
0.041141133755
0.017053175718
-0.105991385877
-0.109512120485
0.101536028087
0.103771530092
0.082626327872
0.073120258749
-0.043827783316
-0.099712550640
-0.062502190471
0.073192089796
0.103098280728
0.133609831333
0.068218559027
-0.019932884723
-0.039160586894
-0.015329996124
0.038995735347
0.064965635538
0.093238748610
0.089906610548
0.020399969071
-0.040632665157
-0.051514431834
0.019285883754
0.032228909433
0.065462231636
0.061298701912
0.080547101796
-0.001845684252
-0.058440916240
-0.013946991414
0.038158319890
0.008957027458
0.001534628798
-0.023832160980
-0.056346297264
-0.064879246056
-0.011341377161
-0.044770013541
0.062742613256
0.021457290277
0.028113348410
-0.040501806885
-0.086061924696
0.073467694223
0.034400410950
0.044486809522
0.028383169323
0.056590758264
-0.057682227343
-0.068258561194
0.040508255363
0.058274254203
0.048716995865
0.064272001386
-0.039726611227
-0.108488105237
-0.034670215100
0.040926676244
0.083533145487
0.113091133535
0.033365540206
-0.033333081752
-0.023275824264
-0.051212422550
0.002555805026
0.036601096392
0.049433492124
0.057583238930
0.047928422689
-0.011474075727
-0.050149429590
0.001719753258
0.015470026992
0.042419698089
0.022897915915
0.102697029710
-0.022985227406
-0.048091307282
-0.083024069667
-0.052859824151
-0.038681481034
-0.009081746452
0.003533654381
0.001438443200
-0.012246877886
-0.086055226624
-0.112419642508
0.000041713036
-0.007194244768
0.026272440329
-0.022077582777
-0.025513745844
-0.031386639923
-0.076328746974
-0.040757991374
-0.002427766798
0.001265461324
-0.034435972571
-0.034989330918
-0.007652048022
-0.053129769862
-0.039858821779
-0.001910019433
-0.061448492110
-0.092466756701
-0.009830879048
-0.016255160794
0.021268714219
0.026575298980
-0.039946489036
-0.071732886136
-0.065162405372
-0.078412666917
-0.064342111349
-0.036116905510
0.001696749241
-0.014072997496
-0.021998984739
-0.061400972307
-0.033392209560
-0.047253128141
-0.042364094406
-0.020663188770
-0.008597252890
0.026869405061
-0.002300581662
-0.007062445395
0.036611009389
0.020580800250
0.018993839622
-0.042025860399
-0.040708180517
-0.061194688082
-0.032899554819
0.038038380444
0.003008320229
-0.033928114921
-0.023443009704
-0.070881821215
-0.074175529182
-0.033611774445
0.023093882948
-0.004411704838
-0.034989058971
-0.040199138224
-0.085264094174
-0.058828536421
-0.071890473366
0.026067206636
0.019711820409
-0.029861386865
-0.035123385489
-0.069608740509
-0.102692916989
-0.085650995374
0.121613070369
0.043283350766
-0.033216133714
-0.059185601771
-0.072961077094
-0.078863337636
-0.099596463144
0.122128583491
0.032656192780
-0.014243064448
-0.061877176166
-0.085201345384
-0.106630310416
-0.112974271178
0.108058124781
0.071127176285
0.019398247823
-0.014256584458
-0.030606122687
-0.106685563922
-0.117820173502
0.048654295504
0.004773971625
0.025251049548
0.005792748183
-0.017722569406
-0.016790885478
0.019419681281
0.020426990464
-0.010620056652
-0.015323128551
-0.001282900688
0.003379442031
-0.006621601526
0.000730547239
-0.011802271008
0.013349949382
0.029631592333
0.042285986245
0.030833410099
0.038831062615
0.010958708823
0.019780227914
0.041786219925
0.041842099279
0.047614794225
0.051905859262
0.006603103131
0.011712250300
0.130684137344
0.068656936288
0.031791877002
0.021695230156
0.014610015787
0.022821620107
0.016287289560
0.122663900256
0.044564351439
0.045111678541
0.031777042896
0.024560216814
0.003358175047
-0.007337363437
0.134429961443
0.096162535250
0.062574639916
0.018882611766
-0.006008161698
-0.004115063697
-0.041027028114
-0.077218636870
-0.004105179105
0.074292428792
0.044183708727
0.063624016941
0.071502029896
0.061007816344
-0.143405660987
-0.068071708083
0.014511890709
0.052973389626
0.070193164051
0.047328397632
0.027052639052
-0.174722105265
-0.091169871390
0.034191146493
0.109621740878
0.101003110409
0.084435522556
0.061219539493
-0.208360433578
-0.082192905247
0.019835576415
0.094607971609
0.065316252410
0.092633783817
0.101579919457
-0.091593638062
-0.081937991083
-0.023085655645
0.023754432797
0.068246081471
0.088396541774
0.082607954741
-0.086911991239
-0.099903687835
-0.098513238132
-0.014434825629
0.032344184816
0.073122590780
0.063478536904
-0.063775435090
-0.096416890621
-0.091459907591
-0.087888941169
-0.025091147050
0.028009269387
0.043947625905
0.019683139399
-0.028902411461
-0.030096512288
-0.028968697414
-0.021945891902
-0.062269270420
-0.035484451801
-0.077246598899
-0.054113946855
-0.054755736142
-0.038395728916
-0.062204796821
-0.102557189763
0.041520290077
-0.060277692974
-0.034393899143
-0.055348988622
-0.085872836411
-0.113117031753
-0.101112253964
0.024944089353
-0.101823069155
-0.121256403625
-0.091012157500
-0.210001826286
-0.145173221827
-0.062568500638
0.078535296023
-0.111521050334
-0.180069729686
-0.242878660560
-0.211874872446
-0.149528041482
-0.032515935600
0.139687687159
-0.089366480708
-0.137295946479
-0.129538848996
-0.074344396591
-0.023241955787
0.079483054578
0.202831387520
-0.087741389871
-0.110768161714
-0.131581485271
-0.106167279184
0.053335621953
0.162571936846
0.243034526706
0.045749299228
-0.005313766655
-0.022854503244
0.007309332024
-0.057540573180
-0.130386039615
-0.136306062341
-0.055611055344
-0.037880424410
-0.044367074966
-0.018565380946
-0.059556175023
-0.135894238949
-0.074002437294
0.025615828112
-0.002523877891
-0.033580511808
-0.020094962791
-0.120900295675
-0.156494036317
-0.101971834898
-0.001478890423
-0.019263559952
0.024093471467
-0.103967837989
-0.083267770708
-0.068983376026
0.008487907238
-0.031243452802
-0.051189448684
-0.137941449881
-0.140353888273
-0.123318023980
-0.055220220238
0.055622596294
-0.027429657057
-0.046816240996
-0.076773121953
-0.031117135659
-0.049817632884
-0.002751806052
0.062478352338
0.013739745133
-0.073562830687
-0.078856609762
-0.088936343789
0.008123157546
0.078888706863
0.159390613437
0.198728173971
0.197546929121
0.215345218778
0.257327020168
0.271217375994
0.275327712297
0.095895573497
0.137425974011
0.171852990985
0.176701575518
0.240931153297
0.221504241228
0.185540869832
0.014391416684
0.157679334283
0.197844222188
0.205093786120
0.269012063742
0.235870391130
0.124081224203
-0.139289751649
0.103392265737
0.137374237180
0.231202140450
0.191807284951
0.196651443839
-0.007427087054
-0.184498503804
0.111844301224
0.139093711972
0.178802356124
0.125226378441
0.078179068863
-0.096469081938
-0.281364411116
0.084408596158
0.089959315956
0.131186008453
0.093723423779
-0.091908551753
-0.232145607471
-0.414598852396
0.120734475553
0.143666461110
0.099148146808
-0.005859654397
-0.117359824479
-0.265037149191
-0.279983252287
0.032400928438
0.079877071083
0.068203486502
0.046902526170
0.055423766375
-0.020826917142
-0.071203023195
0.052450686693
0.067074872553
0.067188397050
0.061397414654
0.050682272762
0.037536732852
0.000312228047
0.012391223572
0.140371248126
0.080342113972
0.042060203850
0.030200067908
0.037721186876
0.017421012744
0.052390500903
0.078423365951
0.089669577777
-0.015904800966
0.007808393333
0.063706338406
0.056208737195
-0.002964225598
0.013030268252
0.031168714166
-0.014944982715
-0.025342989713
0.063514672220
-0.010563789867
-0.007284003310
0.040037356317
-0.051074806601
-0.017466580495
-0.026427801698
-0.032397154719
-0.014298868366
-0.073603786528
-0.043525446206
-0.004966449924
-0.074748747051
-0.083825968206
-0.014695874415
-0.082068920135
-0.145847290754
-0.133930489421
-0.146776497364
-0.123624160886
-0.144645348191
-0.149593919516
-0.187669768929
-0.213854327798
-0.126963376999
-0.192198485136
-0.178165420890
-0.180422946811
-0.177970960736
-0.191321775317
-0.160004764795
-0.002812560415
-0.141185879707
-0.093171499670
-0.123658291996
-0.116472974420
-0.127336919308
-0.102448768914
-0.044107187539
-0.063411302865
-0.148603186011
-0.121529392898
-0.038695976138
-0.094448782504
-0.086809344590
-0.072035543621
-0.086149863899
-0.120260074735
-0.129581838846
-0.046437703073
-0.083663612604
-0.068945437670
-0.022844439372
-0.115629725158
-0.074327893555
-0.084947302938
-0.103274427354
-0.023934496567
-0.106705553830
-0.090924449265
-0.021158795804
-0.101915888488
-0.084834165871
0.001199765713
-0.072126097977
0.026109082624
0.043014541268
-0.023446327075
-0.023145055398
0.021563047543
0.004908398725
0.051122505218
0.015516380779
0.033541783690
-0.033332798630
-0.049981303513
-0.022184016183
0.058733139187
0.063651628792
0.016337940469
0.103195883334
0.022495377809
0.048257850111
0.056285914034
0.066982008517
0.086078964174
0.099150471389
0.048212192953
0.004177786410
0.001926162397
0.042633853853
0.076335601509
0.096637420356
0.096216656268
0.024470217526
-0.000234388499
-0.075091265142
0.026206899434
0.055806972086
0.054244060069
0.200852409005
0.168834865093
0.030344376341
0.069435976446
0.078005537391
0.030238723382
0.103192523122
0.209852382541
0.150838539004
0.218832030892
0.137734413147
0.167243272066
0.198407500982
0.180240467191
0.087810680270
0.001124735456
-0.014646348543
-0.033825807273
0.019505238160
0.037556145340
0.036473739892
0.027398979291
0.024423161522
-0.028103912249
-0.021098237485
-0.009333272465
-0.021333852783
-0.006202663295
-0.028783252463
-0.047074485570
-0.052211109549
-0.036945268512
-0.026111643761
0.008635149337
-0.039578970522
0.086052030325
0.041757769883
-0.051396250725
-0.017692491412
-0.015384460799
-0.018382394686
-0.000717060000
0.091037310660
0.008161218837
-0.117012746632
-0.092465333641
-0.060947380960
-0.081809513271
-0.022301925346
0.058260098100
-0.010493288748
-0.029978942126
-0.062391109765
-0.065349780023
-0.028460767120
-0.053767926991
0.101694069803
0.015817837790
-0.052516873926
-0.118900686502
-0.160948753357
-0.167167305946
-0.071321733296
-0.065759517252
-0.143873751163
-0.157806187868
-0.157157227397
-0.100672855973
-0.061001930386
-0.063197076321
-0.101755537093
-0.082917019725
-0.129817306995
-0.105839125812
-0.097857870162
-0.077849566936
-0.104610517621
-0.133314639330
-0.147646024823
-0.121397964656
-0.039549116045
-0.055365085602
-0.026035003364
-0.086083367467
0.017724687234
0.001250235946
-0.025369880721
0.020541962236
0.020701151341
0.015020953491
-0.062503308058
-0.004754791968
-0.036845024675
-0.129539310932
-0.068052232265
-0.086982257664
-0.065104953945
-0.026047999039
-0.049164034426
-0.087194696069
-0.054268650711
-0.095810897648
-0.094052664936
-0.025112116709
-0.099077410996
0.059204380959
-0.035114001483
-0.115626104176
-0.157697290182
-0.169100627303
-0.175381809473
-0.088822349906
0.065759271383
0.091315448284
0.089170746505
0.091255396605
0.115273773670
0.137224912643
0.134733900428
-0.000507633667
0.072669818997
0.144822701812
0.109228156507
0.088401459157
0.143260553479
0.118061542511
-0.041287425905
0.077561326325
0.152681291103
0.220489233732
0.224499791861
0.216283708811
0.167364344001
0.000145228711
0.098391726613
0.144884407520
0.199727684259
0.148506522179
0.157387480140
0.112790688872
0.013207821175
0.043888963759
0.091474667192
0.127141296864
0.121517546475
0.126772210002
0.095200322568
-0.112370930612
-0.029919348657
0.065483890474
0.119801461697
0.141544938087
0.194969475269
0.064734406769
-0.013053407893
-0.011712066829
-0.010691716336
0.021832782775
0.069635935128
0.066109359264
0.073184013367
-0.079824686050
-0.085742421448
-0.059942618012
-0.092350699008
-0.015778593719
-0.062281798571
-0.088633261621
-0.029724134132
-0.055274758488
-0.089566938579
-0.005773403216
-0.008004117757
-0.091208696365
-0.088841222227
-0.112134411931
-0.120637945831
-0.081578008831
-0.049817182124
-0.084645368159
-0.094356827438
-0.108664765954
-0.089084677398
-0.084884785116
-0.109979286790
-0.120887234807
-0.084320031106
-0.126172482967
-0.113746248186
-0.035415861756
-0.098302640021
-0.091542243958
-0.126953318715
-0.128600403666
-0.091293923557
-0.100232854486
-0.027404475957
-0.081890590489
-0.118785895407
-0.086897969246
-0.061631649733
-0.092338383198
-0.098981633782
-0.115108750761
-0.055792152882
0.047913853079
0.004834505729
-0.010723274201
-0.070277214050
-0.074035286903
0.071850046515
0.023521529511
0.001403599861
0.005968580022
0.036875125021
0.052620265633
0.021216297522
0.012095832266
0.008731256239
0.030418783426
0.101116865873
0.094920888543
0.041609551758
0.022661771625
-0.013298200443
0.021216703579
0.053882461041
0.089743033051
0.064353279769
0.090548336506
0.020677316934
-0.016706403345
0.073865413666
0.023210540414
0.005131115206
0.060397114605
0.047223445028
0.020131254569
0.023604240268
-0.006080516148
-0.011188737117
-0.008380845189
-0.040300123394
0.067280545831
0.015422683209
0.077014893293
-0.006702895276
-0.044320680201
-0.000843827787
0.019497379661
0.018934804946
0.009750671685
-0.013683764264
0.049346763641
0.125258103013
0.057089999318
0.009306173772
0.030855851248
0.046705953777
0.223952710629
0.178472220898
0.258231490850
0.241010859609
0.263878256083
0.313802003860
0.172589182854
0.088318429887
0.187195032835
0.239084020257
0.288822144270
0.251778662205
0.243527159095
0.098706029356
-0.008131046779
0.129199162126
0.201784387231
0.268801480532
0.232907027006
0.225669279695
0.020923070610
-0.148516774178
0.015819443390
0.113313920796
0.106110677123
0.164066493511
0.090721599758
-0.016488242894
-0.192896336317
-0.144755825400
-0.053274992853
-0.051892746240
-0.012716948055
0.010964429006
-0.105318836868
-0.167786046863
-0.240291476250
-0.226245939732
-0.157443836331
-0.147403642535
-0.074662208557
-0.121012687683
-0.229654774070
-0.207316413522
-0.144038885832
-0.129763662815
-0.147822454572
-0.172589629889
-0.138379767537
-0.089276954532
-0.079786270857
-0.049855332822
0.020014625043
-0.046440202743
0.003777516074
-0.008200179785
-0.117480203509
-0.039863228798
-0.029129881412
0.036262843758
0.008775074035
0.019213786349
-0.021755471826
-0.197293221951
-0.097137972713
-0.022700902075
0.107489630580
0.103097744286
0.031885154545
-0.017968202010
0.027623251081
-0.049007169902
0.040593739599
0.157627299428
0.150726318359
0.065794959664
-0.119149394333
-0.054680991918
-0.002934164833
-0.008095159195
0.088064350188
0.073408000171
-0.051110751927
-0.130824938416
-0.006968545727
0.026640044525
0.141696184874
0.094219289720
-0.016953198239
0.012633461505
-0.127196148038
0.003353694221
-0.022879339755
0.103115402162
0.063741803169
-0.012054983526
-0.050898734480
-0.180343315005
-0.133097544312
-0.123131722212
-0.101411446929
-0.013728918508
-0.096212774515
-0.034227874130
-0.005302088801
-0.167282149196
-0.045523345470
-0.053675573319
-0.054031018168
-0.038419950753
-0.046410258859
-0.060511697084
-0.203464880586
-0.072756685317
-0.041999440640
0.013136546127
0.040222853422
-0.040381107479
-0.076790817082
0.026496149600
-0.061872929335
-0.030549537390
0.087087847292
0.080305635929
-0.012023389339
-0.190249070525
-0.118163250387
-0.024158142507
-0.053342100233
0.041104473174
0.025864249095
-0.077508285642
-0.191794484854
-0.038062006235
-0.006845908705
0.109706133604
-0.006533561274
-0.082212582231
-0.044829759747
-0.198451191187
-0.014981339686
-0.026214821264
0.066607818007
0.025886211544
-0.032564263791
-0.090498760343
-0.206944927573
-0.177726566792
-0.054355800152
0.046864513308
0.162338733673
0.104597650468
0.154448091984
0.158078595996
-0.221284970641
-0.013016918674
0.047836631536
0.122536607087
0.066309131682
0.063770435750
0.028737343848
-0.222191438079
0.009560823441
0.108843103051
0.153057768941
0.188611239195
0.091893583536
0.045455977321
0.004502746742
0.047527708113
0.110187254846
0.204083696008
0.134740829468
0.043530784547
-0.048941344023
-0.061463668942
0.074953079224
0.054135933518
0.141728267074
0.124313153327
0.070126101375
-0.081755667925
-0.032856103033
0.047941695899
0.218691155314
0.165386348963
0.068991363049
0.131238892674
-0.115322597325
-0.037116486579
0.071731537580
0.179726734757
0.195831030607
0.088740870357
0.012930743396
-0.151375934482
-0.104273535311
-0.142920181155
-0.073053702712
0.013257667422
0.003540324513
-0.025335075334
-0.059556066990
-0.025146035478
-0.035860899836
-0.043147325516
-0.014287788421
0.015754096210
0.026054695249
-0.016153801233
-0.051345046610
-0.135107427835
-0.094891719520
-0.087930597365
-0.048139281571
-0.092196635902
-0.047137007117
-0.040491592139
-0.117377094924
-0.133389249444
-0.077012076974
-0.056320630014
-0.018292823806
-0.029872901738
-0.043338082731
-0.107162311673
-0.118663668633
-0.101851209998
-0.043368209153
-0.025443516672
-0.017711283639
-0.117319583893
-0.098147764802
-0.101677946746
-0.110702067614
-0.052717093378
-0.024980900809
-0.026959301904
-0.062395237386
-0.066404394805
-0.102168746293
-0.112719304860
-0.062431085855
-0.074141733348
-0.076826423407
-0.074178263545
-0.155873402953
-0.018112033606
0.065576992929
0.073770977557
-0.013638688251
-0.025175713003
0.038344401866
0.070947892964
0.064856193960
0.090954497457
0.108148783445
0.127596735954
0.042267862707
0.089971877635
-0.012029690668
0.036317411810
0.023733424023
0.060028433800
0.073982857168
0.040219198912
0.065390832722
0.044130124152
0.019235951826
0.041647333652
0.098782084882
0.133352354169
0.089010350406
0.047673776746
0.013630444184
0.019394094124
0.034535169601
0.083780229092
0.092218883336
0.065130010247
-0.059637524188
-0.007389748935
0.032121207565
0.010445248336
0.075882799923
0.051834702492
0.050082564354
-0.017602581531
0.043935868889
0.023106744513
0.023997381330
0.036080740392
0.030614549294
0.022526385263
-0.128194600344
-0.127952754498
-0.013905483298
0.032526127994
-0.006329511758
-0.094701424241
-0.131806790829
-0.018914135173
0.093050517142
0.120728716254
0.069240093231
0.050461687148
0.067848868668
-0.035583965480
0.040226317942
0.097039453685
0.152904838324
0.088243126869
0.074199296534
0.062940567732
-0.000935741584
-0.002821788425
0.093629240990
0.087452113628
0.077142514288
0.060089416802
0.031306751072
0.020582657307
-0.032542668283
0.010154528543
0.054506853223
0.062358260155
0.086509741843
0.063618235290
-0.000263217604
-0.083626508713
-0.030658774078
0.048827532679
0.071879051626
0.043249722570
0.039144389331
-0.032314073294
-0.088780589402
-0.028631927446
0.043570104986
0.083645895123
0.079369947314
-0.002695980016
-0.053918138146
0.006090471987
-0.032236251980
-0.058842804283
-0.017130373046
-0.018334990367
-0.029694389552
-0.049827538431
0.048470750451
-0.020091202110
-0.060589946806
-0.022484859452
0.006700515747
-0.028693046421
-0.059069808573
0.060297477990
0.007030921057
-0.045619305223
0.005322080571
0.009147297591
0.032017417252
0.005796766374
0.076098300517
0.064518123865
0.007710340433
-0.028364699334
-0.010983026586
0.011526855640
-0.002159448341
0.081574171782
0.078977994621
0.018614571542
-0.036252610385
-0.033816967160
-0.064144946635
-0.028834935278
0.074308820069
0.103424057364
0.175153180957
0.129066303372
-0.015974970534
-0.037215046585
-0.057931862772
0.064616858959
0.059523012489
0.085432745516
0.180076703429
0.057287007570
-0.002505249344
-0.055974990129
-0.040768139064
-0.059891331941
-0.092645220459
-0.059243138880
-0.035639040172
-0.049725055695
-0.040214594454
-0.020629653707
-0.066367924213
-0.118161424994
-0.063185185194
-0.011084112339
-0.036245372146
-0.072647430003
0.014969931915
-0.025687994435
-0.070567056537
-0.013366233557
-0.011991073377
0.023983828723
-0.005874161143
0.007183506154
-0.018511818722
-0.045465875417
-0.051913592964
-0.021648481488
0.010648497380
0.008610144258
0.035888880491
-0.009351069108
-0.030511934310
-0.098144300282
-0.068939350545
-0.123463802040
-0.074221454561
0.007453670725
0.024572355673
0.096234604716
0.059779576957
-0.064411297441
-0.051587920636
-0.064839638770
-0.005459153093
-0.017829257995
0.026044398546
0.122412003577
0.010574957356
-0.066688701510
-0.079533807933
-0.069239325821
-0.045346904546
-0.039951540530
0.046641390771
0.104571796954
0.085983261466
0.082379445434
-0.052433606237
-0.026655374095
-0.048910714686
0.028328366578
0.084518909454
0.088720284402
0.081685781479
-0.010513198562
-0.036205191165
-0.035268224776
0.046987202018
0.050793204457
0.127831205726
0.114531107247
-0.038079198450
0.002262250055
-0.045003172010
-0.029058376327
0.020091786981
0.024577412754
0.051404517144
0.001427876065
-0.016195483506
-0.023324832320
-0.065577872097
-0.036522790790
-0.026078116149
-0.044375862926
-0.026193747297
0.014391938224
0.076536379755
0.072340629995
-0.020941615105
-0.031848825514
-0.066831305623
-0.003134361934
0.013208865188
0.019837982953
0.116306349635
-0.002446123399
-0.033757098019
-0.063050687313
-0.031535252929
-0.075941056013
0.004804050550
0.046773254871
0.027279799804
0.057462990284
-0.026784999296
-0.020812116563
0.010164014064
0.025981750339
0.036845527589
0.023976955563
-0.018305309117
-0.005259595346
-0.033186245710
-0.030368709937
0.023753328249
-0.003126972821
-0.037350073457
-0.072444155812
-0.063024483621
0.022258361802
0.004974423908
0.018083399162
0.013774013147
-0.068296179175
-0.066335149109
-0.031374689192
0.019563196227
0.055252261460
-0.012175264768
0.004616530146
-0.050231169909
-0.101786606014
-0.000375684962
0.038680423051
0.029585221782
0.032197400928
-0.005508052651
-0.141376733780
-0.048360101879
0.061364516616
0.031347550452
0.011967438273
-0.030863938853
-0.074853725731
-0.107452221215
-0.015768026933
0.038459736854
-0.072041869164
-0.072216883302
-0.020918089896
0.022691961378
-0.027778219432
0.014094685204
-0.079487875104
-0.060877356678
-0.013523129746
0.013529415242
0.030904762447
-0.001631609746
-0.032146535814
-0.042254906148
-0.035207416862
-0.041490484029
0.020728191361
-0.005839436781
-0.076243624091
-0.101655580103
-0.128467321396
0.028273034841
-0.008573408239
0.029640229419
0.021387433633
-0.047457203269
-0.065039403737
-0.080878309906
0.049820255488
0.066474497318
0.011592129245
0.011769753881
-0.077077440917
-0.116473324597
-0.046388726681
0.037640694529
0.040946483612
0.067405685782
0.014812448062
-0.174565523863
-0.095495037735
0.008827419952
0.053713221103
0.036876805127
-0.025899833068
-0.061389099807
-0.149974182248
-0.072088629007
-0.019423319027
-0.058816540986
-0.003546620253
0.062201049179
0.123579509556
0.072100058198
0.143285304308
0.097484715283
-0.016612736508
0.066926136613
0.096032209694
0.104744218290
0.099557131529
0.067019745708
0.076229281723
0.051983427256
0.060817133635
0.123573429883
0.100022889674
0.061973873526
0.031146325171
-0.012698889710
0.031487360597
0.062207520008
0.086060374975
0.108714997768
0.037769306451
-0.037470459938
-0.034175951034
0.035737525672
0.113519713283
0.095102414489
0.118701599538
-0.008877628483
-0.108936212957
-0.080614678562
0.042037934065
0.082642398775
0.151054114103
0.115085601807
-0.114948675036
-0.142332896590
-0.117469191551
0.088100023568
0.090527281165
0.087165467441
0.024687115103
-0.143150597811
-0.166606739163
-0.094924151897
0.054248187691
-0.045071396977
-0.057431317866
-0.059894464910
-0.057386353612
-0.000638104160
0.043464452028
-0.008118576370
-0.018646331504
-0.034571338445
-0.062253668904
-0.036983396858
0.072642467916
0.058293569833
-0.058333251625
-0.069284707308
-0.105953037739
-0.050752621144
0.056618917733
0.113809861243
0.034760888666
-0.115799248219
-0.077772684395
-0.085712388158
0.017819732428
0.075905472040
0.028677463531
0.020897496492
-0.033657807857
-0.078780978918
-0.045720912516
0.025569334626
0.077099248767
0.035092674196
-0.020939230919
-0.026939053088
-0.056384637952
0.002055161400
-0.000959002995
0.081377036870
0.034339305013
0.016960058361
-0.010762750171
-0.036638528109
-0.004959669430
0.012845407240
0.012785832398
-0.021428899840
0.004368584603
0.053313851357
-0.056357674301
-0.043482869864
-0.085429139435
-0.063218817115
0.026202255860
0.051288608462
-0.001468577306
-0.037139572203
-0.045548059046
-0.096560470760
-0.042871054262
0.078833840787
0.046221416444
-0.074510835111
-0.069344177842
-0.137082949281
-0.067731961608
0.054612804204
0.099775187671
0.028112858534
-0.120376124978
-0.124020673335
-0.069275632501
0.039734940976
0.122639425099
0.023643044755
0.012066300027
-0.039723474532
-0.086234420538
-0.025911998004
0.074576333165
0.091962955892
0.043617874384
-0.008604898117
-0.056172259152
-0.048963069916
0.025485049933
0.032213710248
0.103222817183
0.059107426554
0.036167424172
-0.007403097581
-0.019391298294
0.016769280657
0.078332304955
0.038477223366
-0.002766093239
0.028977476060
0.061660036445
0.000031143874
-0.014648826793
-0.005623803474
0.028254862875
0.075945936143
0.061325307935
-0.003735512262
-0.005913260859
-0.054625105113
-0.032205183059
0.001779884682
0.086008682847
0.036065969616
-0.081715129316
-0.056092709303
-0.111970148981
-0.026125514880
0.081497915089
0.097796276212
0.043445620686
-0.154584169388
-0.115339048207
-0.036389075220
0.074527695775
0.088819198310
0.013570753857
0.045634344220
-0.137663111091
-0.062174919993
0.023830020800
0.043916720897
0.072766743600
0.034224972129
0.010119019076
-0.165699139237
-0.061419162899
0.022644668818
0.038687225431
0.065693475306
0.056242447346
0.033544231206
-0.104002833366
-0.043952975422
0.043606221676
0.102021105587
0.083777762949
0.056980457157
0.025546452031
-0.034912351519
0.045394420624
0.064714334905
0.082346409559
0.136946514249
0.056132428348
0.028576716781
-0.067848235369
-0.008990493603
0.019753737375
0.049279347062
0.067315004766
0.126512974501
0.005300546065
-0.070515803993
-0.025386095047
-0.070380926132
0.028731044382
0.114139676094
0.050455611199
-0.020952928811
0.015683678910
-0.058733612299
-0.076262146235
0.023574691266
0.102946929634
-0.010040138848
-0.048698637635
-0.031849704683
-0.053635437042
-0.048142049462
-0.043434556574
0.034293629229
-0.010312987491
-0.097607202828
-0.021540315822
-0.046536456794
-0.025056781247
0.023303780705
0.053080454469
0.025528322905
0.002866396448
-0.000472937070
-0.084722571075
-0.022653596476
-0.003252519527
0.021888682619
0.036494024098
-0.004847899545
-0.042888913304
0.032442409545
0.044370047748
0.074890747666
0.138200998306
0.034706734121
-0.025845699012
-0.089531049132
-0.007703263778
0.015453374013
0.018505787477
0.074025541544
0.119684666395
-0.043054584414
-0.034248903394
0.009125662036
-0.028254369274
0.032302834094
0.093115165830
0.024185296148
-0.058056924492
0.005571704824
0.011290258728
-0.018494267017
0.038877382874
0.123109742999
-0.007106524426
-0.031417082995
0.007149372716
-0.026676410809
-0.022048681974
0.013955038972
0.034918360412
-0.000627934176
-0.067930415273
-0.005174205638
-0.080873593688
-0.000558567641
0.068236581981
0.063962951303
0.041615806520
-0.013345676474
0.024653179571
-0.056849900633
0.031066330150
0.021587345749
0.057626970112
0.057748835534
0.019658211619
-0.065552368760
0.021741529927
0.051756590605
0.042390342802
0.114174298942
0.021902542561
-0.073253236711
-0.092763058841
0.007788872812
0.034790318459
0.000528871838
0.022591851652
0.091597631574
-0.021980758756
-0.053110498935
0.037482559681
0.030793925747
0.031452737749
0.068666897714
-0.006046145223
-0.062245439738
0.023397617042
0.059632521123
0.008097590879
0.065776690841
0.072240903974
-0.048326581717
-0.029700966552
-0.012014569715
0.020126357675
0.015638995916
0.033743713051
0.063307382166
-0.015371353365
-0.068239346147
-0.069249585271
-0.046972073615
0.009149963968
0.068499721587
0.036335609853
0.016257680953
-0.014881433919
0.006634275895
-0.017255745828
0.071090586483
0.041916582733
0.021872093901
0.011671695858
-0.031956255436
0.024581719190
-0.030993860215
-0.049302831292
-0.101448029280
-0.085708566010
-0.032000444829
0.044059298933
0.018275644630
0.011599432677
-0.047730524093
-0.143706217408
-0.050273202360
-0.012899020687
0.034039814025
0.003690873971
-0.009051580913
0.014149445109
-0.031063687056
-0.098192252219
-0.043625380844
-0.097961634398
0.049791608006
0.000609917799
0.017279420048
-0.024985922500
-0.052184738219
-0.017999062315
0.011701831594
0.040973708034
0.045204330236
-0.046473588794
-0.055956367403
-0.033291552216
-0.109789930284
-0.032390829176
-0.008307654411
0.017249982804
0.053421765566
0.055508624762
-0.024625666440
-0.001087919460
-0.070359975100
-0.071100793779
0.010776015930
0.015520268120
-0.013610610738
-0.085460834205
-0.031133096665
-0.088676676154
-0.045238599181
-0.117280781269
-0.122723191977
-0.136475846171
-0.133041426539
-0.137502625585
-0.108554117382
-0.064329646528
-0.026809033006
-0.073188863695
-0.134284749627
-0.086000531912
-0.090845972300
-0.108389556408
-0.055330064148
-0.045993320644
0.019637435675
-0.030353322625
-0.102577514946
-0.089003466070
-0.197349518538
0.031219394878
0.011842831038
0.036057241261
0.013613247313
-0.015067868866
-0.017991214991
0.010046268813
0.045634113252
0.051247544587
-0.035566125065
-0.025864683092
-0.013016658835
-0.059961304069
-0.020842587575
-0.113852083683
-0.002360248705
0.030816214159
0.056867714971
0.006478990894
0.004982399754
-0.012687179260
-0.157643362880
-0.023393491283
0.009932688437
-0.015873802826
-0.091014653444
-0.031622231007
-0.066668011248
0.132647946477
0.118257731199
0.112436771393
0.104155950248
0.055953830481
-0.038228567690
-0.065986178815
0.053608380258
0.111155346036
0.105675302446
0.065025374293
0.108848229051
0.033573884517
-0.064793027937
-0.018530441448
0.096028767526
0.162062466145
0.170104816556
0.130384162068
0.146744802594
-0.057305190712
0.014664355665
0.085120677948
0.126311942935
0.131153777242
0.158249601722
0.161011040211
0.139251068234
0.022535057738
0.053103692830
0.025483200327
0.069951757789
0.144596174359
0.114671416581
0.116154916584
-0.131498590112
-0.022233018652
0.029056783766
0.134828567505
0.088141150773
0.144448637962
0.125488147140
-0.215166479349
-0.033308729529
0.017561320215
0.058378253132
0.018368225545
0.100073218346
0.076920852065
0.032362047583
0.032889384776
0.049153614789
-0.023164622486
-0.034123789519
0.011822293513
0.001757280668
0.009380511008
-0.013011837378
-0.037732023746
-0.067756347358
0.037100855261
0.069151036441
0.053347133100
-0.040752723813
0.008589784615
0.007832765579
-0.005410145968
0.017956925556
0.109104014933
0.042312286794
0.035080034286
0.106187768281
0.118505194783
0.063202038407
0.053831487894
0.101720429957
0.032655570656
-0.079295516014
-0.095996826887
-0.044056385756
-0.007421525661
-0.036879498512
-0.029406283051
-0.078503340483
-0.149330228567
-0.099572129548
-0.090089708567
-0.042810440063
-0.081973858178
-0.162668645382
-0.191496446729
-0.164143130183
-0.150868222117
-0.200359776616
-0.178112328053
-0.158918350935
-0.203400731087
-0.229961201549
0.194284603000
0.177825242281
0.178242266178
0.154338270426
0.116324849427
0.147252798080
0.141657546163
0.121029913425
0.155411615968
0.134510576725
0.112550385296
0.178006947041
0.200069993734
0.155974447727
0.124971799552
0.150349318981
0.130611807108
0.167561769485
0.216474026442
0.220628291368
0.183914870024
0.153300493956
0.231558352709
0.231621935964
0.190848723054
0.198173940182
0.201829954982
0.132912397385
-0.044319324195
-0.045893810689
0.048062779009
0.078299582005
0.066615499556
0.089993596077
0.005929664243
-0.093914389610
-0.051236536354
-0.000009074443
0.031562328339
0.034404423088
-0.065680310130
-0.085027754307
-0.125455170870
-0.076952584088
-0.149976596236
-0.091325223446
-0.066266819835
-0.109743610024
-0.150188699365
0.036518249661
-0.015432131477
-0.019799837843
-0.000649785332
0.000783010502
0.032753571868
0.043605733663
-0.046309147030
-0.072590403259
-0.057178173214
-0.035627700388
0.042559906840
0.032916098833
-0.025965625420
-0.094699285924
-0.088096134365
-0.113693170249
-0.050292164087
0.016112884507
-0.040981497616
-0.056172709912
-0.114121392369
-0.079606905580
-0.063376545906
-0.028954472393
-0.062400195748
-0.074871279299
-0.100578345358
-0.223907798529
-0.243042245507
-0.197331756353
-0.169732853770
-0.164663285017
-0.105396769941
-0.183817669749
-0.161628976464
-0.131901696324
-0.081501632929
-0.054616026580
-0.017636889592
-0.091312751174
-0.113270558417
-0.105071417987
-0.008383598179
-0.032479435205
0.034005951136
0.083452589810
-0.002244138857
-0.079295441508
-0.047267645597
-0.086227223277
-0.006436083000
-0.030748223886
-0.025463286787
-0.025510426611
0.011042018421
-0.034321062267
-0.121629588306
-0.059501886368
-0.110917977989
0.005797390826
0.013357320800
0.002625598107
-0.083839967847
-0.156638070941
-0.081306010485
-0.119593523443
-0.149891406298
-0.071170374751
-0.058812148869
0.023678498343
-0.156960397959
-0.121571883559
-0.100575692952
-0.142398595810
-0.076080776751
-0.104259379208
-0.041128579527
-0.145400628448
-0.073200337589
-0.124070808291
-0.130131483078
-0.081016689539
-0.111321903765
-0.071271598339
-0.126805752516
-0.111955210567
-0.124855570495
-0.108877345920
-0.034900423139
-0.071340702474
-0.030171465129
-0.087978519499
-0.098523862660
-0.076372094452
-0.051907569170
0.021242097020
-0.013127184473
0.084842763841
0.024911990389
0.102653980255
0.045928686857
0.082360967994
0.033244606107
0.068941116333
0.095151409507
0.009744521230
0.043233778328
-0.004778638482
0.065067559481
0.118868812919
0.071748331189
0.075217068195
0.006775290705
0.058769147843
0.014112179168
-0.052040256560
0.017942480743
-0.018240267411
0.179197624326
0.014620699920
0.113100327551
0.081809788942
0.041373904794
0.034957032651
-0.003323922399
0.107408091426
0.072105385363
0.175287365913
0.132982760668
0.097703330219
0.106329321861
0.064641579986
0.062754601240
0.079453684390
0.069293417037
0.118141032755
0.103350780904
0.125123441219
0.098303660750
0.151433885098
0.049989584833
0.061668105423
0.074558079243
0.078787513077
0.153163880110
0.078151270747
-0.005425868556
-0.013155797496
-0.011030916125
-0.098548568785
-0.161210790277
-0.187091588974
-0.185788363218
-0.007857014425
-0.006893856917
-0.056361053139
-0.147970438004
-0.131156504154
-0.147969722748
-0.209561765194
0.049829334021
0.010875462554
0.022217495367
-0.074787862599
-0.170260831714
-0.152138307691
-0.221962884068
0.172172561288
0.040672156960
0.116798445582
0.082390807569
-0.038808919489
-0.129437208176
-0.194228708744
0.077801242471
0.115924656391
0.243607088923
0.183797299862
0.129708379507
0.061954841018
-0.065716154873
0.062227919698
0.096422426403
0.162701502442
0.203169122338
0.133078858256
0.036340471357
0.010891466402
0.212146371603
0.121024288237
0.111318945885
0.094966471195
0.044278923422
0.061182390898
-0.002135447925
0.017725719139
0.031042698771
0.060194317251
0.078843370080
0.045755226165
0.017104512081
0.015366231091
-0.008258773014
0.023054899648
0.051262985915
0.122638687491
0.069300107658
0.012535284273
0.002595671918
-0.003957417794
0.020464312285
0.044608511031
0.106483317912
0.069895975292
0.015924829990
-0.010921239853
0.046377662569
0.015877993777
0.024226550013
0.071680262685
0.018356464803
0.024402877316
0.016650591046
0.006472316105
-0.013424038887
0.005767048802
0.038513865322
0.026402426884
0.027909185737
0.021903466433
0.013770927675
-0.006845533848
0.023195991293
0.042172119021
0.043528925627
0.045596171170
0.019595090300
-0.000701988873
-0.021653380245
0.011967687868
0.055359851569
0.069760195911
0.041334811598
0.028343154117
-0.059648912400
-0.038231726736
-0.021643435583
-0.008738288656
-0.003820731072
-0.027069268748
-0.064990438521
-0.061155859381
-0.055749621242
-0.026321960613
0.033612139523
0.003722453956
-0.051560655236
-0.070640332997
-0.055189568549
-0.019660681486
-0.001147909905
0.061644427478
0.028461202979
-0.033535636961
-0.092781409621
-0.013343963772
-0.041231915355
-0.012093947269
0.041135422885
-0.017708908767
-0.029680084437
-0.033874727786
-0.056069634855
-0.061003487557
-0.039006840438
-0.011775089428
-0.010089102201
-0.019361412153
-0.027839289978
-0.049186244607
-0.075899600983
-0.020072273910
-0.018582182005
0.001227815286
-0.015288321301
-0.036600995809
-0.050666548312
-0.034376718104
-0.048160664737
-0.002455353737
0.013320891187
-0.022148944438
-0.011027771980
-0.052965987474
-0.025308813900
-0.001182445092
0.020823495463
0.021348478273
-0.035921823233
-0.027912851423
-0.057412624359
-0.019987050444
-0.008622147143
0.029978627339
-0.007908506319
-0.043922949582
-0.030302463099
-0.044371739030
0.013028186746
0.016608728096
0.045961778611
0.024184333161
-0.015025457367
-0.032085008919
0.002846361836
-0.011633554474
-0.013980916701
0.019804703072
0.004330023658
-0.009840878658
-0.015150705352
-0.033469170332
-0.018951542675
-0.034695718437
0.010054768063
-0.001004378544
0.017258884385
-0.014830159023
-0.039456468076
-0.049735669047
-0.000744703866
-0.021234951913
0.016274450347
-0.001956619322
-0.009928591549
-0.039683952928
-0.034302387387
-0.047893598676
0.032746676356
0.033855065703
-0.017869915813
0.004978346638
