0.000277016865
0.001295576803
0.000624897715
0.001654888154
0.000190957129
0.005852903705
-0.000383797014
0.000971461879
0.001139544765
-0.003131624777
-0.000485912402
0.002465590835
-0.001770577510
0.006809957325
0.002316092839
-0.001243777922
0.002779660514
-0.001767600421
-0.002977533033
0.001294967253
0.001497415360
0.000232660634
0.011540528387
-0.000163609293
0.000739726587
0.002638726030
0.005813834257
-0.001366897603
0.001688063494
-0.002364616375
0.000025218424
-0.010300769471
0.000660628779
-0.005994529463
0.001714888727
0.001783918357
-0.001019216958
0.006877006963
-0.006118933205
0.000515084423
0.000560762011
-0.001243277569
-0.010683421046
0.000179784111
0.001990342746
0.002330257092
-0.000268031523
0.000482340372
