0.102157466114
0.106208585203
0.096005536616
0.090907208622
0.103153333068
0.100959762931
0.096974343061
0.095287494361
0.098521180451
0.097936093807
0.087762609124
0.104490906000
0.093980200589
0.104161851108
0.112231187522
0.101663783193
0.096369042993
0.093429557979
0.098570935428
0.097456179559
0.111368261278
0.098013803363
0.098618872464
0.095151916146
0.090399898589
0.112690903246
0.108378052711
0.091148696840
0.095391012728
0.093025714159
0.098282694817
0.101136267185
0.097415901721
0.097524382174
0.098435804248
0.099727429450
0.099282748997
0.104936271906
0.116752423346
0.100821129978
0.094594694674
0.116489209235
0.109242580831
0.099694877863
0.105307377875
0.101843059063
0.096465915442
0.101087093353
0.095559634268
0.100113250315
0.093772225082
0.099960170686
0.110049299896
0.092851169407
0.093984849751
0.089039921761
0.086325578392
0.095896042883
0.095434032381
0.088034249842
0.096827939153
0.119439288974
0.110713593662
0.105214603245
0.088928148150
0.124172791839
0.099266923964
0.086971893907
0.102261491120
0.101003386080
0.097387567163
0.091241471469
0.107958681881
0.087631396949
0.095112763345
0.095285557210
0.116070829332
0.101332314312
0.097058191895
0.096758961678
0.107975818217
0.097738251090
0.096327215433
0.106664396822
0.108811952174
0.102981090546
0.118789583445
0.094731442630
0.089884996414
0.114658161998
0.114361792803
0.106373853981
0.107373237610
0.104695744812
0.096647515893
0.095270827413
0.096567235887
0.121907345951
0.091389127076
0.107783213258
0.088067807257
0.094728708267
0.099148131907
0.110476195812
0.109184660017
0.098627947271
0.090609915555
0.097927875817
0.095588766038
0.110801406205
0.093621514738
0.095099449158
0.102039307356
0.101254470646
0.109364598989
0.110290639102
0.100456327200
0.097334355116
0.080351106822
0.098456189036
0.096901610494
0.076675273478
0.089169964194
0.102266445756
0.116057604551
0.086410388350
0.101180560887
0.106833435595
0.097174890339
0.101414196193
0.094990484416
0.106465131044
0.102571494877
0.093772478402
0.082234382629
0.099454216659
0.092688962817
0.117257744074
0.099998585880
0.090166755021
0.099655590951
0.095903262496
0.111434973776
0.101385191083
0.081699445844
0.097308792174
0.095979571342
0.099067479372
0.101071335375
0.091327369213
0.097877219319
0.099879220128
0.098948329687
0.103221699595
0.101364888251
0.097177915275
0.096567802131
0.102479808033
0.090637080371
0.101861201227
0.121237613261
0.097951240838
0.100884549320
0.101550161839
0.093116179109
0.101681083441
0.102767787874
0.102065660059
0.087956622243
0.109994046390
0.109515041113
0.099518544972
0.097826570272
0.101398840547
0.100927405059
0.093171872199
0.093588128686
0.107219025493
0.096375212073
0.113865047693
0.109704256058
0.101735718548
0.108348846436
0.117648914456
0.099048018456
0.090308859944
0.093777142465
0.086921833456
0.101109191775
0.095900595188
0.104147218168
0.099997080863
0.103698149323
0.106001242995
0.097909510136
0.096391819417
0.090567089617
0.098614819348
0.097474016249
0.107135750353
0.110277391970
0.095996484160
0.082184337080
0.096054568887
0.110218584538
0.096442669630
0.100779503584
0.106087729335
0.095401585102
0.090028658509
0.083909086883
0.085926711559
0.107294090092
0.091771893203
0.093886077404
0.113641440868
0.093066006899
0.101375006139
0.096182554960
0.112000636756
0.108084112406
0.097401991487
0.106537595391
0.097280703485
0.091196417809
0.081234663725
0.098965264857
0.106157213449
0.098396778107
0.091205596924
0.072925888002
0.120999529958
0.103473380208
0.103735364974
0.098779559135
0.110843934119
0.100488997996
0.102011993527
0.093381524086
0.094941280782
0.094665095210
0.090698346496
0.103917703032
0.101490929723
0.107915565372
0.108529284596
0.110632799566
0.100267633796
0.100322231650
0.116427920759
0.110737860203
0.100777566433
0.100694872439
0.086834907532
0.085833780468
0.111408747733
0.106960497797
0.086337395012
0.099224843085
0.106463566422
0.107962705195
0.103225722909
0.110841818154
0.103956848383
0.083566911519
0.084532499313
0.101302683353
0.096852168441
0.120625138283
0.097358040512
0.083319030702
0.103320337832
0.110630445182
0.102183707058
0.102214060724
0.113279193640
0.092370070517
0.101716905832
0.106615133584
0.109932146966
0.093980565667
0.103374041617
0.099752329290
0.096334591508
0.096302293241
0.098975405097
0.099127821624
0.083553381264
0.100604057312
0.095858044922
0.118971526623
0.099353648722
0.089203812182
0.098800919950
0.111320175231
0.102453812957
0.100624069571
0.102766089141
0.096494600177
0.100377164781
0.066015221179
0.083630278707
0.095066338778
0.098105385900
0.093390569091
0.100476861000
0.088189713657
0.097617618740
0.103957168758
0.088080465794
0.105350479484
0.103365562856
0.093525648117
0.107825100422
0.100234486163
0.108756564558
0.108175858855
0.104454763234
0.104195334017
0.092299513519
0.098414532840
0.092898972332
0.097262814641
0.116205148399
0.097599387169
0.108106270432
0.098224878311
0.105695068836
0.098752960563
0.107916004956
0.097808033228
0.098273739219
0.114971056581
0.101366139948
0.097116298974
0.097605377436
0.092701300979
0.101591832936
0.109429769218
0.100104466081
0.103146433830
0.098319366574
0.093852326274
0.090849831700
0.093067348003
0.111475110054
0.094236060977
0.094429597259
0.113132096827
0.099145270884
0.098261713982
0.099963568151
0.095969289541
0.100377678871
0.098808415234
0.123082995415
0.116956375539
0.100926376879
0.090799905360
0.097957454622
0.101726688445
0.114571966231
0.112360708416
0.088424749672
0.081931807101
0.094374470413
0.108215145767
0.099588960409
0.097029313445
0.097541481256
0.123399823904
0.115142032504
0.103402055800
0.089325472713
0.092276632786
0.092944860458
0.097725383937
0.098484218121
0.101316854358
0.097103193402
0.092675872147
0.091856509447
0.105998866260
0.096257820725
0.100884638727
0.089451320469
0.097960032523
0.105209387839
0.101962395012
0.108855709434
0.092640638351
0.109479777515
0.096941821277
0.089986391366
0.088073872030
0.098070755601
0.101351574063
0.096967525780
0.114070646465
0.103549405932
0.093952618539
0.096027709544
0.077546834946
0.111184649169
0.096231669188
0.098376348615
0.108844481409
0.098809726536
0.095973692834
0.101083651185
0.093963675201
0.099542148411
0.100334636867
0.092289358377
0.101734407246
0.105624496937
0.110291250050
0.096974909306
0.114728577435
0.103642120957
0.101919211447
0.101087428629
0.102990075946
0.116937227547
0.105269372463
0.094453297555
0.129429146647
0.101243935525
0.097365014255
0.115699894726
0.088732853532
0.106340430677
0.094153776765
0.097368575633
0.109577551484
0.097585812211
0.105082169175
0.102493561804
0.099967256188
0.088601745665
0.099916674197
0.098618231714
0.107606090605
0.113542340696
0.106406085193
0.107402220368
0.105485044420
0.097845308483
0.109436146915
0.091879904270
0.108180746436
0.099438190460
0.094915077090
0.109260685742
0.097633704543
0.087327189744
0.120440877974
0.105090923607
0.099162369967
0.098970621824
0.090349636972
0.109246477485
0.115200661123
0.098156802356
0.098487585783
0.094995968044
0.093657135963
0.112332373857
0.102286458015
0.102473847568
0.101111784577
0.114534027874
0.100927792490
0.092498473823
0.103185132146
0.098899081349
0.094218298793
0.097811385989
0.093832224607
0.092153452337
0.104363754392
0.097968772054
0.106139123440
0.095910057425
0.082698933780
0.093188993633
0.101045295596
0.090936705470
0.103704772890
0.101880803704
0.104144975543
0.082984618843
0.102953769267
0.096826255322
0.101155042648
0.089884661138
0.092593640089
0.084141716361
0.096308305860
0.096819832921
0.095101758838
0.096736945212
0.103328682482
0.091888479888
0.096895627677
0.102102898061
0.097537234426
0.097333624959
0.104369297624
0.109409220517
0.088485971093
0.090028345585
0.102293841541
0.094894267619
0.105628162622
0.084867291152
0.089148759842
0.094541251659
0.109341792762
0.101526781917
0.100528210402
0.099724374712
0.070351593196
0.103613428771
0.093958497047
0.098288632929
0.105043999851
0.105781629682
0.088517740369
0.096456490457
0.113178990781
0.104748830199
0.106155835092
0.108015693724
0.100340679288
0.093978866935
0.081509120762
0.102897569537
0.109022632241
0.090689398348
0.089225217700
0.092644944787
0.098914131522
0.099250383675
0.106781408191
0.122674472630
0.092692293227
0.095517352223
0.091270796955
0.099679246545
0.100932411849
0.097916953266
0.105571016669
0.098778784275
0.095939807594
0.093935772777
0.110110931098
0.099089540541
0.097925812006
0.110762044787
0.095902748406
0.107760995626
0.104737117887
0.101872362196
0.091364726424
0.100893959403
0.106926582754
0.098943717778
0.092611305416
0.100275382400
0.098014816642
0.103757172823
0.096796147525
0.092445537448
0.085074119270
0.098149910569
0.127954408526
0.077715255320
0.093988455832
0.100406661630
0.094748072326
0.094404526055
0.093635626137
0.096037790179
0.098362669349
0.100666932762
0.107463948429
0.107392154634
0.098286777735
0.100031413138
0.088865168393
0.095562748611
0.110180616379
0.110075533390
0.108155332506
0.099524974823
0.095953442156
0.101291261613
0.112821288407
0.094379499555
0.089282751083
0.117038145661
0.101946026087
0.109086498618
0.111015453935
0.080265432596
0.095403052866
0.106415636837
0.105937957764
0.086981989443
0.109887339175
0.109353907406
0.102411106229
0.098665393889
0.097745992243
0.100718744099
0.097585685551
0.098080292344
0.102039195597
0.091471239924
0.091174729168
0.100098557770
0.101275242865
0.108722262084
0.108971208334
0.105013355613
0.102098539472
0.117443956435
0.101404070854
0.100610412657
0.101648375392
0.098320536315
0.110106661916
0.093127541244
0.089564688504
0.089295879006
0.111610949039
0.102681003511
0.107886068523
0.088931076229
0.098042838275
0.096475295722
0.106276787817
0.101893074811
0.105484515429
0.100999563932
0.097413524985
0.110428549349
0.096109576523
0.105841919780
0.099442817271
0.110229440033
0.098028972745
0.091421030462
0.095880940557
0.090023957193
0.100136280060
0.107164911926
0.100418962538
0.111874423921
0.091425336897
0.105986610055
0.130978196859
0.094963535666
0.096978977323
0.091867789626
0.108280733228
0.084123611450
0.107734769583
0.113599352539
0.118575826287
0.096712902188
0.096640586853
0.107251241803
0.106431402266
0.103839017451
0.092792227864
0.081342346966
0.116479940712
0.094089023769
0.097306057811
0.112172842026
0.097987182438
0.101467192173
0.112127095461
0.096276864409
0.091911062598
0.094962544739
0.098283298314
0.099935717881
0.097327679396
0.110094383359
0.098288267851
0.105033189058
0.098721466959
0.105582721531
0.082458555698
0.095592938364
0.100944451988
0.088659726083
0.086820170283
0.109503999352
0.083880476654
0.099305652082
0.101556785405
0.106974780560
0.105228058994
0.101863011718
0.103898681700
0.101097002625
0.093327954412
0.101842679083
0.098365478218
0.099207311869
0.099907271564
0.103685349226
0.070300862193
0.109583303332
0.099846005440
0.098756305873
0.096766948700
0.106855168939
0.103205911815
0.102250441909
0.099419340491
0.096950218081
0.088427469134
0.097983568907
0.089644029737
0.104687087238
0.104730270803
0.097827345133
0.107144802809
0.099255494773
0.103236183524
0.105926766992
0.104359775782
0.105082206428
0.080847896636
0.108229741454
0.095824331045
0.105849154294
0.088158436120
0.100265875459
0.097226865590
0.108581461012
0.079567998648
0.094037488103
0.095808409154
0.104375228286
0.094694398344
0.110871903598
0.091874189675
0.095726035535
0.099712856114
0.096494667232
0.111674062908
0.109713830054
0.095746584237
0.118235878646
0.096636101604
0.101398468018
0.092712543905
0.094988211989
0.098529130220
0.101495087147
0.101610787213
0.097170062363
0.096530623734
0.098382011056
0.095300517976
0.103279121220
0.101900614798
0.092026591301
0.094369024038
0.097335331142
0.105117663741
0.107964344323
0.096188962460
0.095632962883
0.079025067389
0.106453374028
0.094269454479
0.097387343645
0.103634871542
0.096987329423
0.090381100774
0.104498401284
0.097918964922
0.095789618790
0.105762273073
0.102918073535
0.106582447886
0.095812082291
0.092875249684
0.099924571812
0.098619773984
0.112357661128
0.098051369190
0.094282038510
0.091816037893
0.111033298075
0.097678482533
0.106048569083
0.095386475325
0.094955556095
0.099321678281
0.113393604755
0.100453652442
0.092482313514
0.103919222951
0.109209202230
0.093313880265
0.102571852505
0.099260054529
0.088414259255
0.100175313652
0.101451553404
0.099371254444
0.110587537289
0.102740645409
0.098978102207
0.104264773428
0.094855144620
0.111706942320
0.107893012464
0.103982374072
0.096228495240
0.103206425905
0.098800063133
0.094208322465
0.101941682398
0.095714539289
0.090759649873
0.096406310797
0.099889546633
0.106713071465
0.093152023852
0.124718748033
0.095348358154
0.102221056819
0.098557092249
0.077979013324
0.116091132164
0.089394696057
0.095068059862
0.101361103356
0.101829648018
0.103995665908
0.091270893812
0.096113681793
0.093118958175
0.122405663133
0.101497143507
0.100946411490
0.093692772090
0.112415522337
0.098660551012
0.086373366416
0.112153962255
0.088902913034
0.096302986145
0.105206005275
0.102399155498
0.090360291302
0.097190380096
0.104832649231
0.095115393400
0.104900516570
0.115674801171
0.112782470882
0.100038036704
0.104232706130
0.087576873600
0.104773491621
0.087655670941
0.090762257576
0.106468603015
0.094492681324
0.097642667592
0.111138544977
0.094394758344
0.094149559736
0.093369469047
0.102233774960
0.097050026059
0.101484604180
0.076002001762
0.102122746408
0.096956469119
0.108799487352
0.107317239046
0.103894576430
0.110387086868
0.114081583917
0.102468758821
0.109462469816
0.101249091327
0.090775020421
0.094197794795
0.102115586400
0.100422866642
0.096382051706
0.106922656298
0.097093597054
0.101732634008
0.107252657413
0.099321171641
0.095596440136
0.116581656039
0.089176245034
0.097890995443
0.102253504097
0.098440714180
0.102715045214
0.111712254584
0.094591274858
0.105824567378
0.098499633372
0.114447444677
0.102074734867
0.096140444279
0.109752975404
0.114541195333
0.107309885323
0.112228080630
0.104590646923
0.098135218024
0.096208371222
0.098601445556
0.101250626147
0.106534168124
0.095056355000
0.095920749009
0.102166712284
0.101315878332
0.119421429932
0.098563075066
0.113557897508
0.094830617309
0.095021978021
0.102610163391
0.110314235091
0.097920961678
0.101188279688
0.096915811300
0.101516656578
0.103845968843
0.105755858123
0.100096426904
0.107088848948
0.095802970231
0.095071792603
0.089497327805
0.097962982953
0.092635333538
0.098327383399
0.101761721075
0.111582845449
0.105689592659
0.096410453320
0.114146895707
0.098338223994
0.099417187274
0.103967510164
0.098689489067
0.106464244425
0.117124311626
0.112791202962
0.094997666776
0.107476823032
0.109448082745
0.097941279411
0.087070584297
0.101222731173
0.082399182022
0.103676371276
0.099200770259
0.127029106021
0.102627925575
0.104002989829
0.107734233141
0.101296067238
0.105232112110
0.102291069925
0.098695717752
0.092020213604
0.090550392866
0.107205629349
0.095203638077
0.097571320832
0.096379540861
0.110242053866
0.099192671478
0.101514011621
0.117009937763
0.103682413697
0.095435664058
0.074221499264
0.086928024888
0.089375607669
0.104513570666
0.090189769864
0.094737455249
0.087141148746
0.100677184761
0.107990473509
0.109350480139
0.095659248531
0.107348561287
0.092315718532
0.082017965615
0.101508304477
0.109268873930
0.092660605907
0.095946148038
0.093333579600
0.083003312349
0.100192308426
0.100160986185
0.093159757555
0.099119305611
0.102416366339
0.092859439552
