0.082214698195
0.085828393698
0.121847152710
0.116277486086
0.206335559487
0.172157868743
0.205777376890
0.082357585430
0.103486597538
0.158178865910
0.083360962570
0.153772622347
0.142151668668
0.157823577523
0.174627393484
0.267036020756
0.172604888678
0.089535154402
0.171434834599
0.182238683105
0.149845212698
0.102649576962
0.286363810301
0.172652781010
0.143255293369
0.220952555537
0.234157353640
0.063984319568
0.166760399938
0.112301096320
0.249824672937
0.076149933040
0.168996661901
0.080684766173
0.138344511390
0.130776777864
0.113762393594
0.096640266478
0.137310415506
0.065453052521
0.258814692497
0.113498151302
0.205490812659
0.179685905576
0.092546269298
0.084966361523
0.116347089410
0.261146217585
0.194334372878
0.212223395705
0.151280477643
0.174228534102
0.144128367305
0.154563993216
0.148606806993
0.147425234318
0.193991303444
0.082394279540
0.230647161603
0.176868140697
0.160386577249
0.191704779863
0.106750525534
0.198770672083
0.110877104104
0.076373875141
0.162321388721
0.092576466501
0.221872046590
0.244742467999
0.144930705428
0.130707502365
0.168131500483
0.171726241708
0.175791412592
0.110490106046
0.102203741670
0.219957724214
0.108294904232
0.108194082975
0.218838989735
0.138527274132
0.163456797600
0.088843703270
0.147817790508
0.335485368967
0.165837869048
0.133744090796
0.140858128667
0.161918550730
0.323441863060
0.184126943350
0.165887147188
0.085252828896
0.109875932336
0.171508833766
0.189951524138
0.154530212283
0.134733617306
0.112851053476
0.266611039639
0.102486170828
0.151300370693
0.136722415686
0.184436053038
0.095510013402
0.152501478791
0.170094147325
0.099688380957
0.266092240810
0.132555514574
0.119613498449
0.141105815768
0.113506630063
0.182767078280
0.068324737251
0.064673610032
0.120682850480
0.156645491719
0.111064121127
0.098259523511
0.081555038691
0.121649451554
0.093429848552
0.145742014050
0.238073721528
0.173236697912
0.147600263357
0.114673599601
0.138475745916
0.120980113745
0.117253161967
0.058560200036
0.100140884519
0.153073742986
0.210996851325
0.085318282247
0.098029136658
0.258981108665
0.095532365143
0.182927802205
0.155595704913
0.141148045659
0.178276687860
0.167244628072
0.094951093197
0.201654151082
0.141469970345
0.197604551911
0.129543259740
0.201938211918
0.137405440211
0.055367264897
0.148410931230
0.148247808218
0.092259168625
0.116216473281
0.182840794325
0.157668232918
0.052690126002
0.096067078412
0.202416092157
0.228087514639
0.181047692895
0.096169024706
0.093576297164
0.136605292559
0.181360781193
0.141836166382
0.280382514000
0.218853160739
0.099453665316
0.100427709520
0.199061945081
0.124663278461
0.119807668030
0.129644572735
0.108691431582
0.142451599240
0.079152584076
0.158541083336
0.097522571683
0.095753312111
0.145038023591
0.114328786731
0.183145254850
0.210013136268
0.105290241539
0.155648395419
0.145562052727
0.161036223173
0.089338935912
0.176267534494
0.086811892688
0.093710072339
0.076907657087
0.173718646169
0.154796421528
0.119953647256
0.275304794312
0.225090503693
0.091398850083
0.099216140807
0.082321785390
0.087416164577
0.092879027128
0.119444988668
0.106979183853
0.098998568952
0.155153244734
0.172372102737
0.095456816256
0.112116932869
0.194866850972
0.082180611789
0.136878624558
0.157614856958
0.090239070356
0.152618572116
0.183588832617
0.243277817965
0.172112688422
0.116796694696
0.096548013389
0.116182617843
0.243749126792
0.070809274912
0.202861070633
0.080247245729
0.154356420040
0.124113790691
0.165245279670
0.203692167997
0.176869452000
0.191665574908
0.119292169809
0.078131921589
0.247668996453
0.208537846804
0.039352763444
0.137082263827
0.231788888574
0.122592128813
0.124886900187
0.115712136030
0.120679691434
0.139365345240
0.115879617631
0.199229970574
0.114474564791
0.127322420478
0.168958574533
0.103327542543
0.237692743540
0.190982505679
0.063191741705
