0.027263369411
-0.016403211281
0.094679653645
0.051433242857
-0.018108760938
-0.079399242997
-0.049861911684
-0.047448903322
0.065935127437
-0.053601641208
0.051644559950
0.120820686221
0.114040426910
-0.076998613775
0.134161368012
0.132963582873
0.077421501279
0.036805626005
0.103546209633
0.081421233714
0.120304837823
0.001830932801
0.153558865190
0.043210342526
-0.007928133011
0.152066677809
0.111937932670
-0.022261289880
0.076390653849
-0.010593290441
0.121512182057
-0.027410469949
0.103356175125
-0.020463025197
-0.042303752154
0.109977923334
0.007216036320
-0.001214830438
0.030641408637
-0.001851449138
0.103283517063
0.045531447977
0.008843783289
-0.034845333546
0.049621410668
-0.024587452412
0.011819597334
0.161558598280
0.152042284608
0.160705745220
-0.016412496567
0.109363734722
-0.005135532934
0.098821870983
0.078868404031
-0.095037803054
0.084084935486
0.060641188174
0.083937935531
0.043713644147
-0.057030804455
0.074125818908
0.060953058302
0.141705811024
-0.042993027717
0.015729444101
0.027805881575
0.019639654085
0.090297676623
0.088476859033
0.059391070157
0.005458532833
-0.025898331776
-0.040665194392
0.112145453691
-0.044673148543
-0.087651401758
0.163021996617
0.053822971880
0.047624316067
-0.088706269860
0.007540305145
0.093933381140
-0.010753935203
0.092830277979
0.145830854774
-0.044374547899
0.058203779161
0.017584009096
0.100505545735
0.153734803200
-0.006643694825
0.103190146387
-0.084007605910
0.055244851857
-0.033766079694
0.023049136624
-0.067850299180
-0.020500075072
0.033758975565
0.082817941904
-0.003122458234
-0.018005082384
-0.079198583961
-0.120994120836
0.045402519405
0.037004660815
-0.084676682949
0.000365258864
0.023634109646
0.005162128247
-0.011621559970
0.095650956035
-0.058877710253
0.015591124073
0.016636712477
-0.050119698048
-0.005082249176
-0.010705688037
-0.037579923868
0.016333350912
-0.004993462004
-0.013917767443
0.058850999922
-0.019047761336
0.120564542711
0.111164860427
-0.037025831640
-0.077809825540
-0.054233420640
-0.085710026324
-0.075599171221
-0.026101570576
0.078723579645
0.037229109555
0.085425503552
-0.029104776680
-0.005199455656
0.119351997972
-0.036921001971
0.064247906208
-0.025209059939
-0.056808650494
0.110500417650
0.072575427592
0.001086591277
0.013847575523
-0.034981220961
0.104447431862
-0.077242061496
-0.074904128909
0.022207930684
-0.021828835830
-0.062833867967
-0.061877455562
0.025812830776
0.006553364918
-0.054683327675
-0.069513663650
0.045037705451
0.032174468040
0.139404520392
0.079344227910
0.147591367364
0.057671315968
-0.040788609535
0.071375191212
0.117577262223
0.096868582070
0.111261665821
0.159819886088
0.003382161725
-0.036164283752
-0.094817012548
0.024962356314
-0.034881461412
0.062958203256
0.049229815602
0.005105562508
0.014171326533
-0.029729573056
0.062948793173
-0.039786376059
-0.040078166872
-0.015670269728
-0.014255906455
0.126455247402
-0.038081672043
0.017782142386
-0.006498929579
0.091839380562
-0.039166875184
0.067211471498
-0.106199778616
0.010756266303
0.034257698804
-0.047489255667
-0.000309507392
-0.047612793744
0.036479357630
-0.087123461068
0.047700230032
-0.117866441607
-0.020370328799
0.014356505126
-0.008194399998
0.049696728587
0.031860075891
-0.010954577476
-0.050054006279
0.119332991540
0.084511891007
-0.017975743860
-0.119766645133
0.015243330970
0.002693867078
0.098055958748
-0.038888473064
-0.036468144506
0.069673769176
0.126557216048
-0.070774905384
0.040600284934
0.016423609108
0.075629241765
0.134146586061
0.024707878008
0.122677356005
-0.028410842642
-0.037662468851
0.069584280252
-0.037364069372
0.078986816108
0.067804664373
-0.075971931219
0.027199152857
-0.020607888699
0.046627324075
0.077776551247
-0.082133308053
0.034080620855
0.129799887538
0.045935776085
0.090852275491
0.028048645705
-0.034722868353
0.110465258360
0.078245155513
0.128925725818
0.071102567017
0.122992306948
-0.048248771578
-0.010094672441
0.031287562102
-0.062958754599
0.023569902405
-0.004020371474
0.045094139874
0.016240376979
0.075928770006
0.021023049951
-0.096514970064
0.096828952432
-0.001172681688
0.068272575736
0.060883983970
0.034878395498
-0.081552110612
-0.001874401700
-0.017449676991
-0.033989835531
-0.089448451996
0.000897391932
0.044653482735
0.082816235721
-0.011705626734
-0.037350796163
0.047111287713
-0.066682770848
-0.036842223257
-0.030422499403
-0.100551843643
-0.088862299919
-0.067451536655
-0.037009891123
0.109184183180
-0.200005248189
-0.016812263057
0.002686213469
0.089140594006
-0.033735461533
0.000153869434
0.101262524724
0.089007936418
-0.055125087500
0.003537906567
0.056904453784
-0.059410378337
0.105242006481
0.020785376430
0.059637393802
0.112486630678
-0.101570449769
-0.075862161815
-0.135501965880
-0.060916919261
0.048005625606
-0.002086193301
0.102619044483
-0.001347071957
0.065944232047
-0.016521682963
0.118516355753
0.025810120627
-0.103060074151
0.111846424639
-0.040319446474
0.010547243059
0.000186352758
-0.034554094076
0.058449778706
-0.005333796609
-0.072384633124
0.044135946780
-0.008943038993
0.027780814096
-0.060710836202
0.111361920834
0.071206912398
0.087396055460
-0.055217850953
-0.013640394434
0.076100103557
-0.041096523404
0.058453477919
-0.025777375326
0.031188102439
-0.059293732047
0.085396125913
-0.055861912668
0.012604672462
-0.078474037349
0.038140073419
-0.034519106150
0.032507624477
0.078943245113
-0.054537732154
-0.001956880325
-0.113448664546
-0.020704014227
0.073640495539
0.034370183945
-0.052954237908
0.062078997493
-0.062559202313
0.003770526964
-0.107618801296
0.058069396764
-0.033383499831
0.050914138556
-0.020775057375
-0.070168040693
-0.043467022479
0.004288949072
-0.001480258885
-0.099536173046
0.036206152290
0.076462157071
-0.037630341947
0.078502997756
-0.112379282713
0.009418074973
0.047830309719
0.064584918320
-0.026457056403
-0.015658687800
-0.010005760007
-0.001411238802
-0.032902117819
0.092716298997
-0.022257139906
-0.111501172185
0.068648889661
0.060167994350
0.075239174068
-0.035409569740
0.003666208126
-0.074146427214
0.028521139175
0.010025982745
-0.028271345422
-0.046084038913
0.056146372110
0.084170877934
-0.063527904451
0.074909538031
0.029042959213
0.052415210754
0.035766415298
0.123242206872
-0.072689071298
-0.010404740460
-0.032166659832
-0.022072238848
-0.053519062698
-0.024662574753
-0.019728505984
-0.061349168420
0.051589678973
-0.052781697363
-0.044400595129
0.059142138809
-0.018766406924
0.044511038810
0.073236525059
0.052827615291
0.072491407394
-0.123193614185
-0.023024274036
-0.003021539422
0.020327435806
0.027180070058
-0.040777493268
0.054623007774
-0.097949892282
-0.077796354890
-0.045542236418
-0.052179273218
-0.016592022032
-0.016916966066
-0.063000023365
0.077228687704
0.008103558794
0.048623804003
-0.073788195848
0.066407829523
0.089967757463
-0.017860762775
0.063283726573
0.067448928952
0.007758878171
0.065939523280
0.000266116258
0.079085037112
-0.059980321676
-0.036020044237
-0.055857952684
0.006641556975
-0.018630331382
-0.054885957390
0.068753480911
0.088954806328
0.089507363737
-0.018513290212
0.085903458297
0.003413717030
0.088364958763
-0.027735807002
-0.054841805249
0.020622400567
0.032362181693
-0.002263604430
0.071993231773
-0.027912251651
0.060675930232
0.120272412896
0.129123419523
0.020319990814
0.089950338006
-0.089270457625
-0.043204367161
-0.025077831000
0.041143935174
-0.000277382962
-0.025153700262
-0.075340814888
-0.110901482403
0.025621909648
0.055858958513
0.034433770925
0.093798957765
-0.063706956804
0.057962853462
-0.014673477039
0.053313367069
-0.043012212962
0.019840070978
-0.043253701180
0.064048141241
-0.058658301830
0.097574494779
0.068188071251
0.031673539430
-0.036050207913
-0.104720540345
0.024269670248
-0.106426976621
0.020936865360
-0.073554061353
-0.036789242178
0.027590198442
-0.096655145288
0.005291101057
0.078826278448
-0.084615528584
0.067520178854
-0.024215681478
-0.104785189033
0.068054489791
-0.065790794790
-0.078878626227
0.026333594695
-0.024947950616
0.069895714521
0.008524696343
-0.014729683287
0.119777731597
-0.057135663927
0.120437130332
-0.005051757675
-0.017190977931
-0.008278761990
0.018548268825
-0.068019032478
0.008437319659
-0.045129571110
-0.060306165367
-0.101904623210
-0.112598322332
0.009831097908
-0.073140509427
-0.037077341229
-0.077813483775
-0.048302460462
-0.070994012058
-0.056814406067
0.121051840484
-0.096612438560
-0.033716320992
0.033233854920
-0.070762276649
-0.063609823585
0.122604079545
0.029706168920
-0.026088934392
0.002044783439
-0.023121435195
-0.024098938331
-0.048064127564
-0.048087596893
-0.107294052839
-0.034836024046
-0.106748774648
0.077229365706
-0.032225716859
0.106206394732
-0.056352797896
-0.015292948112
0.053461872041
-0.081901662052
-0.085492126644
-0.057899832726
-0.009112080559
-0.054957080632
-0.123021088541
-0.114813029766
-0.046143855900
-0.004784546327
-0.099353648722
0.042535629123
-0.045517675579
-0.090400137007
-0.128955781460
-0.062154561281
0.067132957280
-0.069539070129
-0.034548781812
0.012630421668
-0.029522001743
-0.101408995688
-0.095443770289
-0.130857229233
-0.008763431571
-0.045247420669
-0.031751107424
-0.036409810185
-0.050483267754
-0.022987576202
-0.041567616165
-0.038004882634
0.066020645201
-0.042109362781
0.146274119616
0.082338213921
-0.079570278525
-0.020604969934
-0.068640522659
-0.030361423269
-0.035703927279
0.070058330894
0.059507425874
-0.105745583773
-0.110587507486
-0.062068752944
0.005247349385
-0.008859110996
-0.016499577090
-0.106074504554
-0.115565024316
0.106288790703
-0.023644888774
-0.015319932252
0.097447648644
0.028146374971
-0.051649831235
-0.097142316401
0.006799967028
-0.031396336854
0.103542774916
0.103466711938
-0.001383364317
-0.081791169941
0.064243488014
-0.066051676869
-0.022721910849
-0.037714805454
0.128089889884
0.041336290538
-0.059034474194
-0.025492593646
0.099389508367
-0.016462991014
-0.019780801609
-0.020186772570
0.083638049662
-0.056999210268
-0.089845664799
-0.095842212439
-0.096552290022
0.067312970757
-0.047000784427
0.005886810832
0.088968656957
0.039044860750
0.033332332969
-0.013436787762
-0.099980004132
-0.006777903531
-0.077543810010
0.052993252873
-0.057564426214
0.048431389034
-0.056677322835
-0.056138504297
0.029148826376
-0.060532443225
-0.057864163071
-0.014365162700
-0.042887132615
0.011825541966
-0.017936840653
-0.034144140780
0.114784993231
0.071991749108
-0.029964761809
-0.011414715089
0.094459407032
-0.082891590893
0.068239919841
0.038609307259
-0.036392591894
0.012794426642
-0.081328824162
-0.061599045992
-0.113315641880
-0.088852189481
0.008795209229
-0.017688030377
-0.054387219250
-0.041395347565
-0.003833104158
-0.089966423810
-0.108622796834
-0.069729276001
0.092267386615
0.111645281315
0.087832830846
-0.053829852492
0.000001346869
-0.089424245059
0.077403299510
0.001804950996
-0.031041232869
0.075805805624
0.045696072280
-0.050383009017
-0.048010535538
-0.046512190253
-0.057873319834
-0.033370766789
-0.088050976396
0.109643183649
-0.051718946546
-0.012050788850
-0.034485992044
-0.012192980386
0.035092610866
-0.051435101777
-0.108482465148
0.113357789814
-0.057803347707
-0.105256080627
-0.099232003093
-0.025643071160
0.019336163998
-0.023163711652
0.051355063915
-0.039255566895
-0.027359193191
0.084257535636
0.049008224159
-0.036970991641
-0.124153494835
-0.025857705623
0.012482219376
0.036855872720
0.054204083979
-0.146485432982
-0.103819310665
-0.001664787647
-0.133199572563
-0.076637685299
-0.117428831756
0.135361388326
0.043330639601
0.086215063930
-0.052837494761
-0.066412679851
0.058320682496
-0.094384491444
0.029051585123
-0.050528813154
-0.068727359176
-0.100161358714
-0.086533427238
0.082825854421
-0.018719609827
-0.067842006683
-0.019218299538
-0.072997324169
-0.111120522022
0.015907358378
-0.044176474214
-0.116995275021
-0.040637984872
-0.069199539721
-0.076199866831
0.020343977958
-0.005371503532
-0.055790409446
-0.091304197907
-0.078288078308
-0.041069883853
0.021659892052
-0.079707674682
-0.096382550895
0.104401439428
0.051830563694
0.020975206047
-0.104838140309
0.001461825101
-0.178308755159
-0.041840136051
-0.052827000618
-0.153056547046
-0.001287072315
-0.013789288700
0.050016291440
-0.086152136326
-0.061314359307
-0.028063336387
-0.030386814848
-0.039614800364
-0.148002654314
0.152352809906
-0.019027000293
-0.126970604062
0.115191109478
-0.036585427821
-0.004550680518
-0.097002997994
-0.117950588465
-0.107496589422
-0.062269963324
-0.084168724716
-0.051972724497
0.128601208329
-0.128170996904
-0.169419199228
-0.015487407334
-0.015522562899
0.006932831835
0.081591926515
-0.004558121786
-0.037140551955
-0.047979954630
0.182598769665
-0.041575975716
0.116952195764
-0.106260865927
-0.063073858619
-0.096586816013
-0.009725456126
0.000224476229
-0.032287888229
-0.157639533281
-0.055295355618
-0.117324888706
-0.003846931737
-0.034294478595
0.147482439876
-0.033506531268
0.033898014575
-0.002930168295
-0.123732686043
-0.044050578028
-0.052159663290
-0.085683412850
0.136425361037
-0.067233815789
0.017408467829
-0.140634179115
-0.004424486775
-0.000161477539
0.089346885681
0.069128289819
0.102143846452
0.108862444758
0.086301073432
-0.164050102234
-0.054930407554
-0.057559460402
-0.019553627819
0.006539406721
0.076023191214
-0.089756406844
-0.023746734485
-0.058361127973
-0.174003586173
-0.028278095648
-0.138986110687
-0.024881886318
-0.062678426504
-0.111822411418
0.087041169405
-0.103369586170
-0.076166391373
-0.119022175670
-0.193124696612
0.165835022926
-0.052492916584
0.001229517628
-0.013171064667
0.060493208468
0.190194368362
-0.099290318787
-0.080632224679
-0.034999631345
-0.138838902116
-0.004472152796
0.110493823886
0.107416927814
0.070727355778
-0.013393308036
-0.065432250500
-0.059202045202
0.022413825616
-0.100293315947
-0.110960796475
0.096723794937
0.029930189252
-0.024859914556
-0.105268903077
-0.067950032651
-0.025566838682
-0.033890064806
-0.063340641558
-0.023713281378
-0.000565882656
-0.016937060282
-0.059031903744
-0.092361062765
0.156068027020
-0.031569458544
-0.170444354415
-0.167646616697
0.070523418486
0.048122417182
-0.183395683765
-0.073914386332
-0.100586399436
-0.000676517782
0.208491742611
-0.144251808524
-0.027463961393
0.029026884586
0.106000259519
-0.005616124254
0.088312283158
0.075630754232
-0.053726088256
-0.079278104007
-0.030155938119
-0.022030955181
-0.043500289321
-0.014517339878
-0.148983731866
-0.028993181884
-0.103282392025
-0.074063807726
-0.073684476316
-0.025938808918
-0.124659128487
-0.039061106741
0.031341724098
0.103459432721
-0.064730286598
-0.046315561980
-0.039839804173
-0.134007006884
-0.144503384829
-0.132889419794
-0.002706164960
-0.019299976528
0.133452847600
-0.054448086768
-0.053517602384
0.103981167078
-0.073263369501
-0.023317605257
0.000609523209
-0.050657816231
-0.036377985030
0.089242711663
0.024604994804
0.083235323429
-0.089277416468
-0.135065704584
-0.059681069106
-0.010982516222
-0.050913076848
0.076758414507
-0.032305419445
0.097359284759
-0.147450566292
0.027943907306
-0.030288588256
-0.053001902997
0.021778760478
0.002896895865
0.101317204535
-0.047235839069
-0.016112687066
-0.038833416998
0.105814211071
-0.093390621245
0.074416540563
-0.108332887292
0.130049496889
-0.017595289275
0.005981869064
-0.013205114752
-0.103100284934
-0.048659276217
0.075948201120
-0.083181045949
-0.056324221194
-0.001311425003
-0.122688144445
-0.021335665137
-0.135482907295
0.109368748963
-0.092667162418
0.150272056460
0.021504899487
-0.005740545690
0.162968769670
-0.081168130040
-0.018073286861
-0.103578932583
0.010232150555
-0.064540959895
-0.062212135643
-0.091890655458
-0.054942343384
0.099946945906
-0.029426107183
0.085556052625
0.048579245806
0.183077663183
0.101955592632
-0.065171673894
-0.089400850236
0.097986824811
-0.079044669867
-0.134763568640
0.194068446755
-0.106970347464
-0.026584846899
-0.107235863805
-0.018130596727
-0.031857885420
0.162790775299
0.118555083871
0.027411784977
-0.030384380370
-0.077058091760
-0.096787936985
-0.048469454050
0.150704756379
-0.096722140908
-0.123110912740
0.006973092910
-0.093889825046
0.019405590370
-0.066957555711
-0.058864519000
0.067001767457
-0.021159404889
0.065832801163
0.000073714138
-0.029720488936
0.041619639844
-0.034278247505
0.025465935469
0.091642268002
-0.028487011790
0.099502623081
0.064639583230
0.147589564323
-0.091978758574
0.039539303631
0.099394224584
-0.043554816395
0.106506541371
0.047296173871
0.129717692733
0.156293243170
-0.055035643280
0.100614160299
0.068200394511
0.030738601461
0.044239386916
0.117929965258
0.070161871612
-0.020653337240
-0.056052982807
0.069315388799
-0.074432268739
-0.041483018547
0.099827013910
0.074014835060
-0.080956630409
-0.025949949399
0.088011257350
-0.056687518954
0.101549029350
0.007397129666
0.048886362463
0.081780791283
-0.067583248019
0.081075750291
0.114181958139
0.051018282771
-0.046032503247
0.041885338724
-0.071014173329
0.117312878370
-0.089903384447
0.074050910771
0.122135162354
-0.061148621142
0.076655477285
0.085439175367
-0.061315838248
0.040620084852
-0.052238661796
0.012097798288
0.031208287925
0.077946983278
-0.076202996075
0.024310536683
0.065593391657
0.080315448344
-0.113892219961
0.120520211756
0.014861414209
0.071412667632
0.036809023470
0.028025882319
0.063112646341
0.060917358845
-0.016286276281
0.051561631262
-0.028552735224
-0.021310118958
0.105541102588
0.128961220384
-0.023325471207
0.091678217053
-0.041611984372
-0.092699609697
-0.130078092217
0.110952287912
0.130045071244
-0.143462568521
0.031515743583
0.058126226068
-0.026586538181
0.065282441676
-0.049930874258
-0.105403721333
0.113187335432
0.026566311717
-0.031414549798
-0.003848342225
0.056934453547
-0.009844291024
-0.059266060591
0.051410190761
-0.085431836545
-0.040773652494
0.048080623150
0.144894152880
-0.113556250930
0.082724735141
-0.050481755286
0.075340598822
0.023712171242
0.001982422778
0.059312921017
-0.004904939327
-0.050840612501
0.083961814642
0.073779679835
0.021162008867
-0.058408685029
0.099932588637
-0.077947936952
0.094767779112
0.097713463008
0.048678502440
0.076887942851
0.058915376663
0.035759694874
0.066262751818
0.060107760131
0.072507590055
-0.128775462508
0.106419555843
-0.002422494814
-0.006913406309
0.017685782164
-0.077072121203
-0.070953801274
0.059022728354
-0.068640224636
0.111968845129
0.086739189923
0.031995892525
0.091652072966
-0.020306313410
0.018985019997
0.037045076489
-0.043783020228
-0.087834984064
0.017793945968
0.084999375045
-0.045666407794
0.079690136015
-0.047154039145
-0.122752539814
0.094888463616
0.035486374050
0.049630336463
0.037804126740
0.130959525704
0.082481004298
0.040453750640
0.058784771711
-0.036415558308
0.079921014607
0.052939463407
0.105637341738
0.091743268073
0.030960153788
0.048123486340
-0.094680003822
-0.107223659754
0.063788585365
-0.046737223864
-0.075794979930
-0.112214885652
0.061426356435
0.071029901505
-0.018993353471
-0.064843446016
0.013126221485
0.048879504204
0.030120918527
0.118444696069
0.047374688089
0.105545543134
-0.076369583607
0.085151925683
0.078798472881
-0.048636574298
0.029329877347
-0.048179425299
0.072911553085
0.070313140750
-0.078714556992
0.074077293277
0.136375039816
-0.008995387703
-0.003307257080
-0.023078959435
0.011093104258
-0.054655730724
0.080729037523
0.057418022305
-0.033996805549
0.012464188971
0.099944613874
0.114958740771
-0.019005505368
0.109222561121
-0.059227742255
0.021119577810
-0.001118215849
0.078361809254
0.070729069412
-0.050349164754
0.126659691334
0.125678032637
-0.040455989540
-0.004336146638
0.030047794804
0.091860331595
0.014656092040
-0.016772069037
0.101656623185
-0.052732568234
-0.047422260046
0.021173067391
-0.008927809075
0.060493744910
-0.042371824384
0.088808394969
0.060420013964
0.036391615868
0.172790095210
-0.072223454714
0.028736269102
0.111075893044
0.125699892640
0.052623607218
0.063952483237
-0.105375960469
-0.091226004064
-0.034186340868
0.094298273325
0.104342289269
0.078280292451
0.006591964979
-0.098853863776
0.061402749270
0.161736026406
-0.131940677762
-0.071434378624
-0.009771376848
-0.026947317645
0.029315482825
0.017666000873
0.076840214431
0.082875050604
0.104074187577
0.016347963363
-0.012781108730
0.029811644927
-0.076762564480
0.026582481340
0.095051810145
0.083545878530
-0.003112841165
0.154627427459
-0.078232765198
-0.015550347045
0.000139628100
0.087320797145
-0.013143190183
0.025248669088
0.127483472228
0.043998878449
0.087838761508
0.052501674742
0.109801150858
-0.031816031784
0.007784217596
0.063609808683
0.080629281700
-0.005378151778
0.023721842095
-0.068769469857
0.075528457761
-0.029708528891
-0.069394409657
-0.003335197223
0.009475136176
-0.041585516185
0.074787363410
0.028788104653
0.077189087868
0.049320384860
-0.121309235692
-0.070899300277
0.014807585627
0.173033013940
0.105118125677
0.164176598191
0.060027148575
0.019566575065
-0.054329443723
-0.006553354673
0.040874395519
0.062480766326
0.087873771787
-0.064710639417
0.095562957227
0.077416069806
-0.033604655415
0.128671318293
0.005539842416
0.101843856275
-0.015998218209
0.000541455811
0.068531788886
-0.082333035767
0.082085937262
0.051985617727
0.056754346937
0.005756776314
0.078651569784
0.059180032462
0.099942035973
0.063075080514
-0.005694926716
0.135982304811
0.001090137055
0.000065939246
0.110167168081
0.071810320020
0.043113023043
0.012564987876
-0.006974130869
0.151083454490
0.052679657936
0.054647225887
-0.010873087682
0.077632695436
0.142389476299
0.027271522209
0.031523451209
-0.001390451915
-0.005201574881
0.046429336071
-0.029212117195
0.039121717215
0.070519089699
0.061720568687
0.051473733038
0.011531033553
0.017219642177
0.020071890205
0.049097057432
-0.088570766151
0.067669190466
0.065865337849
0.040393974632
0.151107773185
-0.041464719921
-0.038378018886
0.087527684867
0.015982413664
0.110448457301
-0.085218071938
-0.018168477342
0.021766282618
0.070425033569
-0.036104451865
0.026409961283
0.020498014987
0.054291211069
-0.084557808936
-0.015349539928
0.113363683224
0.023901380599
0.052448488772
-0.065095089376
0.077072098851
0.028100145981
0.025430452079
-0.064085125923
-0.057617843151
-0.067013323307
0.069060370326
0.018435075879
0.034943968058
0.130334347486
-0.037064474076
0.060475971550
0.032931968570
0.076280772686
-0.016923181713
-0.016126068309
-0.039035297930
0.100747950375
0.107821822166
0.091820672154
0.050371151417
0.088236913085
0.064339995384
-0.093224547803
0.066319681704
0.063047342002
-0.061440326273
0.062345974147
0.003998406697
0.063263714314
-0.093063153327
-0.044728275388
0.135162264109
0.114832319319
0.050614017993
-0.023076586425
0.054296929389
-0.027264010161
0.090730108321
-0.002618212253
0.100294567645
0.113953322172
-0.018753742799
0.041958693415
0.062661871314
0.049935165793
0.015273928642
0.085000261664
-0.029631607234
0.018224449828
-0.053062073886
-0.039218094200
-0.006168098655
-0.048520557582
-0.057295899838
-0.060175728053
0.005052179564
0.045680463314
0.010393922217
0.101940080523
0.078717514873
0.006058447063
0.027757536620
0.064754150808
-0.013085359707
-0.058326456696
-0.083567753434
0.010584281757
0.098640315235
-0.028300516307
0.137190073729
0.076732121408
-0.012436063029
-0.002985834144
0.029972631484
-0.023064089939
0.017237026244
-0.048886664212
0.051046837121
-0.043637353927
0.067770309746
-0.003835829441
-0.044552553445
-0.027012318373
0.092732548714
-0.066761806607
-0.034668680280
0.069122284651
0.040010686964
-0.034454714507
0.040134694427
0.150890395045
0.118857383728
-0.112885780632
0.031704753637
-0.014341123402
0.127616077662
-0.101770207286
0.115677908063
-0.041693288833
0.073452793062
0.024450184777
0.018464643508
0.048945937306
0.064560197294
0.069020353258
-0.074148170650
-0.042894117534
0.144276335835
0.013601461425
-0.003602102166
0.008958420716
0.142236351967
0.044942371547
-0.070528969169
-0.065561838448
-0.027761131525
0.001419234090
-0.071560978889
0.069550633430
-0.052923679352
0.023188941181
0.013382948004
-0.014708585106
0.149730518460
0.099125728011
-0.071415096521
0.003558497410
-0.068152599037
-0.028233563527
-0.001336371643
-0.061022032052
0.102595150471
-0.106992155313
0.083220511675
-0.049038372934
-0.081134296954
0.033327884972
0.106339029968
-0.052833996713
0.099004790187
0.106035903096
0.170658960938
0.010246831924
-0.042367059737
0.102728113532
-0.006003561895
0.093944534659
-0.036397751421
0.116773270071
0.157179549336
-0.040874276310
0.124043323100
0.137110158801
0.052850402892
0.006693831179
0.002408673055
0.104443401098
-0.004299337976
0.077040880919
-0.076211944222
0.056528151035
0.073037773371
0.044730797410
-0.041779514402
-0.040084939450
0.037501774728
0.061101406813
0.081639327109
-0.070350341499
-0.141015186906
-0.004623995628
-0.011022674851
0.021743068472
0.096756219864
0.146633222699
0.065787956119
-0.015995500609
0.118811212480
0.002721133409
0.093203932047
0.076949030161
0.085923731327
0.048426281661
0.020939990878
0.105452626944
-0.044955305755
0.009517360479
0.123619407415
-0.045310024172
0.142300754786
0.091410055757
-0.020083846524
0.099649496377
-0.094048738480
0.041810661554
0.046362780035
0.058915745467
-0.012208100408
-0.024026215076
-0.055205993354
0.030895529315
-0.026380073279
-0.019533785060
0.107967339456
0.016027614474
0.088157683611
-0.014364231378
-0.066428236663
0.030289739370
0.022881770507
0.066372700036
0.154065072536
-0.053583554924
0.038783606142
-0.079220876098
0.027098555118
0.164806231856
-0.048211485147
0.068647556007
0.080326765776
-0.012952594087
0.086552836001
0.007461131550
-0.054105132818
0.047303300351
0.007088303566
0.087932661176
0.048734746873
0.073305480182
-0.004697825294
0.064690664411
0.051805235445
-0.090241849422
-0.033598341048
-0.036597840488
0.156107261777
-0.066608473659
0.037069242448
-0.040539164096
-0.079426020384
0.017053799704
-0.033907301724
0.079788558185
-0.050234850496
-0.098729304969
0.098668649793
-0.031151467934
0.004333081655
-0.082357570529
0.089044988155
-0.012727105059
0.114306472242
0.116812504828
0.058217577636
-0.025456942618
0.029446138069
0.056437585503
0.076464086771
0.048722758889
-0.020393911749
0.015097493306
0.092478476465
-0.007613457274
-0.022197466344
0.116637676954
-0.092364229262
0.063186019659
0.067173607647
-0.030175929889
-0.003076957772
0.096097499132
0.076888166368
0.109281137586
0.030386503786
0.095542460680
0.096860125661
-0.070219300687
-0.039687942713
0.020932607353
0.080808065832
0.019168501720
0.072648443282
-0.002541877795
-0.031850352883
-0.003832960268
0.027246864513
-0.048038389534
0.155227512121
0.143501952291
0.155342623591
-0.054640743881
-0.041099675000
-0.005529892165
-0.032750990242
0.110193185508
0.105249710381
0.095840446651
0.094915039837
-0.065264143050
-0.092223063111
-0.009566822089
-0.028284955770
-0.056406278163
0.030020376667
0.056310832500
0.030130323023
0.069833092391
-0.075205564499
-0.058904938400
-0.027342163026
0.084792725742
0.005010960158
0.143030747771
-0.121616341174
0.044762212783
-0.014072008431
0.098936162889
-0.035961218178
0.064270488918
0.054797414690
-0.014661224559
-0.018951686099
0.036400757730
-0.098923213780
-0.025995645672
0.149466723204
-0.012297841720
0.025759343058
0.037312440574
-0.001923967502
0.031846828759
0.045633740723
-0.028130663559
-0.062979340553
-0.061400033534
-0.060597442091
0.068904556334
-0.021266015247
0.071033075452
-0.024473967031
-0.058101046830
-0.022119019181
-0.068975582719
-0.022563066334
0.053090702742
0.148842975497
0.135779023170
-0.065129935741
0.004332176410
-0.105132944882
-0.031767223030
0.139309570193
-0.010236692615
-0.014686489478
-0.022723682225
0.054097004235
0.076442614198
0.014335585758
0.043835781515
0.038820467889
-0.062991574407
0.000859568245
-0.089540079236
0.192252546549
-0.033346481621
0.030357271433
0.118157766759
0.021798126400
0.125628888607
0.096178710461
-0.018938852474
-0.069562584162
0.065278746188
0.074186481535
0.091619372368
0.075753703713
-0.012099410407
-0.088408514857
0.088101461530
0.182739078999
-0.083310514688
-0.036001935601
0.005529209971
0.089622087777
-0.007983271033
0.117888532579
-0.117941178381
0.047441262752
-0.078282959759
0.003408833873
-0.001616042573
-0.038668595254
0.074603222311
0.029131080955
-0.039730127901
-0.059742860496
-0.016257060692
-0.048299670219
-0.112970754504
-0.037559069693
0.114449679852
-0.113764882088
-0.033787071705
-0.010858788155
-0.058348592371
-0.056489191949
-0.010112850927
0.004591611214
-0.051912982017
0.074826806784
-0.069928467274
0.035922821611
-0.021488144994
-0.003545910819
-0.030217533931
-0.013106400147
-0.020925920457
-0.029040787369
-0.012402461842
-0.044274106622
-0.121240891516
0.083791360259
-0.125965908170
0.092052511871
-0.152134507895
-0.012912187725
-0.004494460765
-0.033314015716
0.062152784318
-0.031896252185
-0.016045529395
-0.020278314129
-0.041326861829
-0.010388113558
-0.091768853366
0.116677187383
-0.033171139657
-0.016099449247
-0.044903248549
0.064908124506
-0.062142677605
-0.086915999651
-0.087741561234
-0.109412446618
0.009007090703
0.137042656541
-0.019068105146
-0.020067136735
0.023096656427
0.083451025188
-0.078995890915
-0.113713331521
-0.013865093701
0.056579243392
-0.114720053971
-0.079540871084
-0.033344924450
-0.004456662107
-0.028709072620
-0.049673471600
-0.053230140358
0.113343998790
-0.018678644672
-0.047750767320
-0.055246584117
-0.012783796526
0.101430088282
-0.145068168640
-0.113657325506
0.079953573644
-0.045009255409
0.045973692089
-0.056130222976
-0.160702764988
0.085048891604
-0.016475640237
0.002041255124
0.012266756967
-0.120571121573
0.014276515692
0.023473240435
-0.027425434440
-0.116410098970
-0.038251969963
-0.077135637403
-0.015701631084
-0.055016461760
0.085623309016
-0.064403243363
-0.084327958524
-0.006440832745
-0.007839060389
0.091681525111
-0.031278841197
-0.014589233324
-0.031407169998
0.072015993297
0.071047149599
0.091907911003
-0.017600411549
-0.051329620183
-0.011846661568
0.006349184085
-0.013312627561
-0.025192687288
0.097662977874
-0.099439419806
-0.015601835214
0.138836339116
0.084143459797
0.008676253259
-0.055312734097
0.078558109701
0.084123961627
0.073315314949
-0.015988327563
-0.083822928369
-0.130372017622
0.058422278613
-0.020240724087
-0.108533240855
0.005364266690
-0.009272815660
-0.067249655724
-0.104134999216
-0.082843214273
0.112307846546
-0.017917308956
-0.050125367939
-0.014107743278
0.129719540477
-0.028068888932
0.027354979888
0.017374565825
0.111343763769
-0.009403645992
0.102476067841
0.086019530892
-0.045069199055
-0.060306541622
-0.012946834788
0.084993943572
0.014175617136
-0.033896226436
-0.059070587158
0.094843544066
-0.001157986466
-0.013297504745
-0.095672354102
-0.068570800126
0.119280241430
-0.071654386818
-0.117423735559
0.115171074867
-0.009596886113
0.019645446911
-0.001299511059
-0.005717355758
-0.013982692733
0.004535146989
-0.054005660117
0.096875593066
-0.069089293480
0.057402554899
0.081120230258
-0.050449423492
-0.040781747550
-0.128885820508
0.046137124300
-0.008215975016
-0.014074416831
-0.064857311547
-0.038092952222
-0.009517443366
-0.082757562399
0.081645838916
-0.039189346135
0.036474015564
-0.074125044048
0.009442397393
-0.053073044866
-0.119999982417
-0.149937674403
-0.008515772410
0.056330181658
-0.005167266820
0.076779082417
0.086983367801
-0.047380913049
-0.052679125220
-0.015035593882
-0.075802743435
0.012719904073
0.003013772890
0.053887888789
-0.132694125175
0.074986897409
-0.115254417062
-0.100466124713
-0.001184155699
-0.117504991591
0.019605055451
-0.081275813282
-0.022355798632
-0.009843586013
0.096510045230
-0.005164367147
-0.051361083984
0.047939322889
-0.091872908175
0.022914595902
-0.046388920397
-0.005913516041
-0.133912414312
-0.038142051548
0.002785609569
-0.046206466854
-0.003004542086
0.069876998663
-0.120531529188
-0.086677722633
0.088559702039
0.047850940377
-0.043776731938
-0.014140693471
-0.004687271547
-0.107787951827
0.050890006125
-0.043239928782
0.113613665104
-0.014035230502
0.115551799536
0.005955315195
-0.088210821152
0.097592517734
-0.065194085240
-0.064053654671
0.091267973185
-0.000682723185
0.075826600194
-0.063214987516
-0.090198650956
0.113759249449
-0.029667545110
0.094042539597
-0.010747916996
-0.055097639561
0.062285218388
-0.137524932623
-0.076124802232
-0.046563375741
-0.046948160976
-0.108489468694
-0.063652575016
-0.042547330260
-0.013070353307
-0.199400514364
-0.013934790157
-0.055079381913
-0.032993197441
-0.135565906763
-0.070172905922
-0.023441618308
-0.106234267354
-0.115364782512
-0.013177159242
-0.032932356000
-0.040866144001
0.004337092862
0.082308448851
-0.060556050390
-0.015633240342
0.003976808395
-0.050693720579
-0.071417123079
0.071491055191
-0.056042060256
0.061244603246
-0.137730717659
-0.069532029331
0.042979244143
0.101973995566
0.016334591433
-0.022505735978
-0.023500664160
-0.065693765879
-0.084372289479
-0.090832278132
0.050183005631
-0.091636724770
-0.086862176657
-0.158978909254
-0.031786445528
-0.028615554795
-0.080891646445
-0.080423891544
-0.084659829736
0.024378983304
0.048473618925
-0.076307721436
-0.065704375505
-0.145293712616
-0.045240804553
-0.002456257818
-0.070859067142
0.049394421279
-0.110374540091
-0.162579506636
-0.039212804288
0.043933104724
0.107188902795
0.112603776157
-0.111719600856
-0.017264505848
0.028588218614
-0.136743351817
-0.065803959966
-0.076014429331
0.062648817897
0.086332634091
0.014133591205
-0.027662826702
-0.101499527693
-0.072466336191
0.057549629360
-0.067712023854
0.064804002643
-0.108289845288
-0.023903511465
0.038237188011
-0.119383491576
0.005819052458
-0.013435834087
-0.121266134083
-0.045848894864
0.114500246942
0.007348459214
-0.032784596086
0.114966899157
-0.064593441784
-0.065049789846
0.027424130589
0.068333402276
-0.032814051956
0.110038422048
0.110983349383
-0.009780568071
-0.091208018363
0.068384766579
-0.075648851693
-0.057425349951
0.084033653140
-0.062325242907
0.050173018128
-0.077564604580
0.094357572496
0.107985243201
-0.037580169737
-0.013245291077
-0.005089572165
0.081552907825
-0.154777899384
0.053905643523
-0.109129101038
-0.153442144394
-0.093926750124
0.051464717835
-0.035728782415
0.089322164655
-0.055884994566
-0.034514442086
-0.022886332124
0.000093641997
0.035148490220
-0.026513379067
-0.067244656384
-0.136758387089
0.092399805784
-0.114172302186
-0.124076701701
0.076048173010
-0.065506480634
-0.102459013462
-0.021713098511
-0.113911911845
-0.016938444227
-0.145371451974
-0.016688609496
0.116320751607
-0.015725683421
0.023063899949
-0.018828088418
0.091229528189
-0.064764931798
-0.029224371538
0.090742193162
0.081438578665
-0.078064218163
0.049290508032
-0.060150954872
-0.034363731742
-0.213318109512
-0.026437621564
0.005651355721
-0.081240765750
-0.024472475052
-0.121674291790
-0.143318772316
-0.080161958933
-0.053128391504
-0.044778931886
0.119052030146
-0.031406041235
-0.061372540891
-0.029134320095
-0.041606374085
0.089485481381
0.005987529177
0.063721023500
-0.032260652632
0.073170371354
0.069128230214
-0.041393782943
0.015599745326
-0.105547398329
0.059834960848
-0.075048908591
0.093257591128
-0.096528843045
0.015982715413
-0.066003479064
0.072631306946
0.026555091143
0.006057362538
-0.073475778103
0.000025795129
0.002225586679
-0.061573565006
-0.012197772041
-0.002384174848
0.067638456821
0.003137143562
-0.019716497511
-0.089860230684
-0.045540094376
0.021116133779
0.069088540971
0.032997325063
-0.101987950504
-0.011065213941
-0.107470564544
0.111774355173
0.069528475404
0.005620433949
0.001859896816
-0.001876770752
-0.047180511057
-0.153540343046
-0.079499594867
0.005865039304
0.050352230668
-0.014354440384
-0.060274083167
-0.068774797022
0.037425879389
-0.116096340120
0.079209595919
0.055242188275
-0.133290395141
-0.026683412492
-0.154410004616
-0.043735407293
0.097916528583
-0.107067793608
0.055363006890
-0.098304115236
-0.056939747185
0.004368189722
-0.137559831142
-0.084035724401
-0.035874433815
-0.055530194193
0.026790680364
0.012743556872
-0.062233190984
-0.161459833384
-0.085093185306
-0.149987831712
-0.012803304940
0.049737866968
-0.099726520479
-0.124027274549
0.107209943235
0.055361717939
-0.015538504347
0.027276683599
-0.018207782879
-0.032339476049
-0.065184049308
-0.037461783737
-0.029612109065
0.003036495531
-0.024551520124
-0.006941835862
-0.003353692824
-0.074301823974
0.001176848309
-0.038453396410
-0.071247734129
-0.141720876098
0.170956417918
0.001561511075
-0.130902752280
-0.056543081999
-0.034215126187
-0.006528759375
-0.089317217469
-0.063447840512
0.046352837235
-0.086993396282
-0.070257507265
-0.027174063027
-0.054997831583
-0.086627408862
-0.079297304153
-0.014853123575
-0.051887255162
-0.014951700345
-0.023742526770
-0.011565944180
-0.035021983087
-0.004402711987
0.200270310044
0.010972344317
-0.099784821272
-0.027253270149
-0.061597157270
-0.047136932611
-0.038534246385
-0.026209080592
0.095414176583
-0.107475608587
-0.080183506012
-0.087529838085
-0.058738678694
-0.068894371390
0.178388804197
-0.114828698337
-0.038554601371
-0.038619026542
-0.099263049662
0.012668433599
-0.052106145769
-0.034045688808
0.160855397582
-0.082202255726
-0.000835539540
-0.123668968678
-0.008065386675
-0.007138383575
-0.062168538570
-0.037403982133
-0.104684777558
-0.038103137165
-0.053168322891
-0.075380824506
-0.055144608021
-0.051820069551
-0.050764705986
0.003990341444
-0.013965066522
-0.118499509990
-0.025454599410
-0.039431586862
-0.054666530341
-0.035482320935
-0.084414012730
-0.036484722048
-0.025877563283
-0.111565917730
0.026832299307
0.010918816552
0.074792467058
-0.080634728074
-0.186134010553
0.182178825140
-0.054761260748
0.009579831734
-0.021317638457
-0.087289527059
0.203095540404
-0.017772831023
-0.055375367403
-0.015759756789
-0.068333595991
-0.021404912695
-0.024153312668
-0.018727116287
0.004976869095
0.011580462568
0.008194491267
0.036809042096
-0.006555857137
-0.110238432884
0.023018013686
-0.040000900626
0.002956064651
0.017024494708
-0.099882580340
-0.003609955311
-0.029257513583
0.009147004224
0.022613923997
0.004739632364
-0.010916769505
-0.004909075797
0.049948200583
-0.061144847423
0.162763178349
-0.070512816310
-0.161134511232
-0.130431503057
-0.072102300823
-0.051435001194
-0.115364231169
-0.055022157729
-0.047009296715
0.002351374133
0.179867073894
-0.064311265945
-0.015257170424
-0.042632102966
-0.122383743525
0.067218251526
-0.036996260285
-0.061030361801
0.082207210362
-0.047350663692
-0.071505829692
0.004370857030
-0.067995905876
0.020178133622
-0.068916983902
-0.001826427178
-0.010762892663
0.072979919612
-0.011331158690
-0.024583604187
-0.104820817709
-0.073454655707
-0.026251565665
0.016620436683
-0.073272071779
0.018604453653
0.018846813589
-0.057960055768
-0.100341603160
-0.112524382770
0.002996480325
0.006761735771
0.159462004900
-0.083742499352
-0.068227536976
-0.130390897393
-0.083135783672
0.001454659039
0.001973560778
-0.021614598110
0.108152337372
-0.085118204355
-0.018901510164
-0.029028996825
0.084391415119
-0.058504652232
-0.048365306109
-0.064209543169
-0.018560355529
0.023495959118
0.066317185760
-0.055723141879
-0.157131865621
-0.015765348449
-0.055241838098
0.014386637136
-0.063860870898
-0.002881390275
-0.031171470881
0.002601777669
0.012817271985
-0.049116153270
-0.041464626789
0.084880396724
-0.009648726322
-0.073633536696
0.090258218348
0.021122436970
-0.022531716153
-0.007330395281
0.007097029593
-0.048651099205
-0.048456981778
0.110508508980
-0.005141128320
-0.039482444525
-0.120380200446
-0.006536805537
-0.068054407835
0.129212513566
0.062135521322
0.183701768517
-0.085559047759
-0.000790955033
0.204388052225
-0.070456705987
-0.079166278243
0.019289996475
-0.084475822747
-0.055925123394
-0.043759156018
-0.093852415681
-0.024359654635
-0.133967757225
0.015170455910
-0.081999547780
-0.069842241704
0.198565959930
-0.110137820244
-0.054636135697
-0.041956365108
-0.028129190207
0.002056663623
-0.075471177697
0.191319301724
-0.027335394174
-0.064464151859
-0.087509192526
-0.021284321323
-0.023312075064
0.194692090154
0.141943886876
-0.016504697502
-0.120032541454
-0.051931604743
-0.023550154641
-0.025034544989
0.167559802532
-0.021105952561
-0.061815295368
0.103832803667
0.016793608665
